0.0	0.00021002943878607982	0.02369083761345874	0.013007760565022094	1.3376759978672475e-5
0.5	0.00021004201617271117	0.023691109757467348	0.013007703148433329	1.3376568013284395e-5
1.0	0.00021005778582401899	0.023691926049777868	0.01300764496768102	1.3376373214340809e-5
1.5	0.00021007673896314327	0.02369328618107762	0.013007586033788293	1.3376175605813232e-5
2.0	0.0002100988656693266	0.023695189636061525	0.013007526358068816	1.3375975212585893e-5
2.5	0.0002101241548864357	0.023697635693747277	0.013007465952118992	1.33757720604503e-5
3.0	0.00021015259443203933	0.02370062342791549	0.01300740482780994	1.3375566176098241e-5
3.5	0.00021018417100704693	0.023704151707674613	0.01300734299727931	1.3375357587115348e-5
4.0	0.00021021887020588898	0.023708219198150422	0.013007280472922931	1.3375146321973306e-5
4.5	0.0002102566765272247	0.02371282436129765	0.013007217267386354	1.3374932410022772e-5
5.0	0.00021029757338516614	0.023717965456834782	0.013007153393556195	1.337471588148505e-5
5.5	0.00021034154312099204	0.023723640543299326	0.013007088864551417	1.337449676744403e-5
6.0	0.00021038856701536458	0.023729847479222223	0.013007023693714499	1.3374275099837885e-5
6.5	0.00021043862530099977	0.023736583924421156	0.013006957894602484	1.3374050911449824e-5
7.0	0.0002104916971758023	0.023743847341408986	0.01300689148097795	1.3373824235898431e-5
7.5	0.00021054776081643774	0.023751634996918423	0.01300682446679997	1.3373595107628809e-5
8.0	0.00021060679339233112	0.023759943963537266	0.013006756866214941	1.3373363561901932e-5
8.5	0.00021066877108007082	0.023768771121456325	0.013006688693547411	1.3373129634784422e-5
9.0	0.0002107336690782066	0.023778113160324077	0.013006619963290894	1.3372893363138008e-5
9.5	0.0002108014616224273	0.023787966581207954	0.01300655069009864	1.3372654784608107e-5
10.0	0.00021087212200109604	0.023798327698659597	0.01300648088877441	1.3372413937612399e-5
10.5	0.00021094562257113324	0.02380919264288049	0.013006410574263272	1.3372170861328988e-5
11.0	0.00021102193477422508	0.023820557361986783	0.013006339761642421	1.3371925595684478e-5
11.5	0.0002111010291533473	0.023832417624368978	0.013006268466112005	1.3371678181340546e-5
12.0	0.00021118287536958265	0.023844769021144744	0.01300619670298605	1.3371428659682223e-5
12.5	0.00021126744221922755	0.023857606968702313	0.013006124487683384	1.337117707280333e-5
13.0	0.0002113546976511479	0.02387092671132972	0.013006051835718669	1.3370923463493615e-5
13.5	0.00021144460878439746	0.023884723323928003	0.013005978762693524	1.3370667875224643e-5
14.0	0.00021153714192606246	0.02389899171480608	0.013005905284287663	1.3370410352134934e-5
14.5	0.0002116322625893243	0.023913726628551978	0.013005831416250255	1.337015093901584e-5
15.0	0.00021172993551172626	0.02392892264897859	0.013005757174391275	1.3369889681296266e-5
15.5	0.0002118301246736182	0.0239445742021405	0.013005682574573046	1.3369626625027063e-5
16.0	0.0002119327933167857	0.023960675559417974	0.013005607632701928	1.3369361816866329e-5
16.5	0.00021203790396322252	0.023977220840665833	0.013005532364720011	1.336909530406153e-5
17.0	0.00021214541843405095	0.023994204017421993	0.013005456786597147	1.3368827134435276e-5
17.5	0.00021225529786856194	0.024011618916174423	0.01300538091432302	1.3368557356368025e-5
18.0	0.00021236750274338109	0.024029459221681114	0.013005304763899328	1.336828601878064e-5
18.5	0.00021248199289171363	0.02404771848034095	0.01300522835133227	1.336801317111783e-5
19.0	0.00021259872752268694	0.024066390103611803	0.013005151692625085	1.3367738863331016e-5
19.5	0.00021271766524075993	0.024085467371471058	0.013005074803770859	1.3367463145860714e-5
20.0	0.00021283876406518593	0.024104943435917816	0.013004997700745433	1.336718606961822e-5
20.5	0.00021296198144952195	0.02412481132451054	0.013004920399500535	1.3366907685968074e-5
21.0	0.0002130872743011707	0.02414506394393849	0.013004842915957163	1.3366628046710196e-5
21.5	0.00021321459900093404	0.024165694083623346	0.013004765265999038	1.3366347204060535e-5
22.0	0.00021334391142258387	0.02418669441934675	0.013004687465466376	1.3366065210633928e-5
22.5	0.0002134751669524118	0.02420805751690175	0.013004609530149785	1.3365782119424297e-5
23.0	0.0002136083205087765	0.024229775835764307	0.013004531475784422	1.3365497983787122e-5
23.5	0.00021374332656161064	0.024251841732781027	0.013004453318044252	1.3365212857418344e-5
24.0	0.00021388013915189325	0.024274247465871677	0.013004375072536713	1.336492679433867e-5
24.5	0.00021401871191107332	0.024296985197741018	0.013004296754797348	1.336463984887183e-5
25.0	0.00021415899808042348	0.024320046999599297	0.013004218380284833	1.3364352075626826e-5
25.5	0.00021430095053033142	0.02434342485488719	0.0130041399643761	1.3364063529478278e-5
26.0	0.0002144445217795062	0.024367110663001495	0.01300406152236175	1.33637742655482e-5
26.5	0.00021458966401409566	0.02439109624302112	0.013003983069441595	1.3363484339185599e-5
27.0	0.00021473632910669907	0.024415373337427954	0.01300390462072048	1.3363193805948395e-5
27.5	0.00021488446863527863	0.024439933615822185	0.013003826191204252	1.33629027215838e-5
28.0	0.0002150340339019486	0.024464768678627295	0.013003747795795976	1.3362611142010113e-5
28.5	0.00021518497595164385	0.024489870060784454	0.013003669449292304	1.3362319123296409e-5
29.0	0.00021533724559064454	0.024515229235432038	0.013003591166380104	1.33620267216455e-5
29.5	0.00021549079340497622	0.02454083761756875	0.01300351296163321	1.3361733993373071e-5
30.0	0.00021564556977864791	0.024566686567698053	0.013003434849509447	1.3361440994891166e-5
30.5	0.00021580152491174192	0.024592767395451475	0.013003356844347768	1.3361147782688176e-5
31.0	0.00021595860883834065	0.024619071363188787	0.01300327896036562	1.3360854413310647e-5
31.5	0.0002161167714442859	0.024645589689572922	0.01300320121165653	1.3360560943346995e-5
32.0	0.00021627596248476004	0.024672313553117924	0.013003123612187709	1.3360267429405724e-5
32.5	0.00021643613160169525	0.024699234095708077	0.013003046175798082	1.3359973928101842e-5
33.0	0.0002165972283409888	0.024726342426085963	0.01300296891619624	1.3359680496036123e-5
33.5	0.00021675920216953552	0.024753629623308362	0.01300289184695871	1.3359387189779152e-5
34.0	0.00021692200249205732	0.024781086740168174	0.01300281498152831	1.3359094065853086e-5
34.5	0.0002170855786677383	0.024808704806580734	0.013002738333212761	1.3358801180716825e-5
35.0	0.00021724988002665542	0.02483647483293346	0.013002661915183258	1.335850859074649e-5
35.5	0.00021741485588599603	0.024864387813396793	0.01300258574047341	1.3358216352221062e-5
36.0	0.00021758045556606901	0.02489243472919626	0.013002509821978148	1.3357924521305042e-5
36.5	0.00021774662840609504	0.024920606551843725	0.01300243417245285	1.3357633154033085e-5
37.0	0.0002179133237797822	0.024948894246326344	0.01300235880451262	1.3357342306294757e-5
37.5	0.0002180804911106765	0.02497728877425357	0.013002283730631538	1.3357052033817075e-5
38.0	0.0002182480798872904	0.02500578109696039	0.013002208963142288	1.3356762392152865e-5
38.5	0.00021841603967799963	0.02503436217856535	0.013002134514235647	1.3356473436663024e-5
39.0	0.0002185843201457164	0.02506302298898426	0.01300206039596019	1.3356185222503141e-5
39.5	0.00021875287106232682	0.02509175450689755	0.013001986620222153	1.3355897804609221e-5
40.0	0.00021892164232289703	0.025120547722670767	0.013001913198785306	1.3355611237684902e-5
40.5	0.00021909058395964045	0.025149393641228496	0.013001840143270934	1.3355325576185493e-5
41.0	0.00021925964615565686	0.02517828328488017	0.013001767465157918	1.3355040874307194e-5
41.5	0.0002194287792584244	0.02520720769609841	0.013001695175782946	1.3354757185972884e-5
42.0	0.0002195979337930599	0.025236157940248256	0.013001623286340701	1.335447456481957e-5
42.5	0.00021976706047533914	0.02526512510826849	0.013001551807884182	1.3354193064185798e-5
43.0	0.00021993611022447498	0.025294100319303767	0.013001480751325163	1.3353912737101985e-5
43.5	0.00022010503417565515	0.025323074723287396	0.013001410127434497	1.3353633636275023e-5
44.0	0.00022027378369234794	0.025352039503475508	0.01300133994684275	1.3353355814079473e-5
44.5	0.00022044231037835583	0.0253809858789316	0.013001270220040715	1.3353079322547438e-5
45.0	0.00022061056608963775	0.025409905106962172	0.013001200957379949	1.335280421335367e-5
45.5	0.00022077850294589002	0.0254387884855027	0.013001132169073561	1.3352530537810407e-5
46.0	0.00022094607334188714	0.025467627355455043	0.013001063865196767	1.3352258346853035e-5
46.5	0.0002211132299585863	0.025496413102975693	0.013000996055687719	1.3351987691033527e-5
47.0	0.0002212799257739942	0.025525137161715263	0.013000928750348178	1.33517186205077e-5
47.5	0.00022144611407379596	0.025553791015009288	0.013000861958844392	1.335145118502925e-5
48.0	0.0002216117484617525	0.0255823661980211	0.013000795690707832	1.335118543393854e-5
48.5	0.0002217767828698603	0.025610854299836325	0.013000729955336094	1.3350921416155075e-5
49.0	0.00022194117156828437	0.025639246965510135	0.013000664761993738	1.3350659180170491e-5
49.5	0.00022210486917505407	0.02566753589806685	0.013000600119813053	1.3350398774034845e-5
50.0	0.00022226783066553766	0.02569571286045321	0.013000536037795106	1.3350140245357166e-5
50.5	0.00022243001138168202	0.025723769677444348	0.013000472524810534	1.3349883641291529e-5
51.0	0.00022259136704103449	0.02575169823750488	0.01300040958960046	1.3349629008532875e-5
51.5	0.0002227518537455375	0.0257794904946035	0.013000347240777328	1.334937639330718e-5
52.0	0.00022291142799010368	0.025807138469983247	0.013000285486825965	1.334912584137014e-5
52.5	0.00022307004667097383	0.025834634253887215	0.01300022433610428	1.3348877397993442e-5
53.0	0.0002232276670938574	0.025861970007240033	0.013000163796844355	1.3348631107965216e-5
53.5	0.00022338424698185828	0.025889137963286298	0.013000103877153103	1.3348387015577819e-5
54.0	0.00022353974448319523	0.025916130429186585	0.013000044585013396	1.3348145164628117e-5
54.5	0.00022369411817870668	0.025942939787570535	0.012999985928284748	1.3347905598407705e-5
55.0	0.0002238473270891535	0.025969558498048974	0.012999927914704282	1.3347668359698663e-5
55.5	0.0002239993306823216	0.02599597909868528	0.01299987055188747	1.334743349076773e-5
56.0	0.00022415008887991767	0.026022194207425943	0.012999813847329116	1.3347201033363924e-5
56.5	0.00022429956206427779	0.026048196523492304	0.012999757808403999	1.3346971028710577e-5
57.0	0.00022444771108486922	0.02607397882873232	0.012999702442367787	1.3346743517501521e-5
57.5	0.00022459449726461528	0.026099533988935435	0.01299964775635781	1.334651853989895e-5
58.0	0.00022473988240601932	0.026124854955108454	0.012999593757393707	1.3346296135525712e-5
58.5	0.00022488382879711465	0.026149934764715645	0.012999540452378312	1.3346076343463912e-5
59.0	0.00022502629921722448	0.026174766542881974	0.012999487848098292	1.3345859202248974e-5
59.5	0.00022516725694254961	0.02619934350356107	0.01299943595122481	1.3345644749867857e-5
60.0	0.00022530666575157723	0.02622365895066822	0.01299938476831429	1.334543302375421e-5
60.5	0.00022544448993031823	0.026247706279179356	0.012999334305808984	1.3345224060784166e-5
61.0	0.00022558069427737655	0.026271478976196336	0.012999284570037645	1.3345017897276216e-5
61.5	0.00022571524410885474	0.026294970621979857	0.012999235567216104	1.334481456898344e-5
62.0	0.00022584810526309363	0.026318174890949803	0.012999187303447879	1.3344614111093578e-5
62.5	0.00022597924410525715	0.026341085552654554	0.01299913978472467	1.334441655822601e-5
63.0	0.00022610862753175866	0.026363696472709388	0.01299909301692693	1.334422194442759e-5
63.5	0.0002262362229745373	0.02638600161370477	0.012999047005824398	1.334403030316966e-5
64.0	0.00022636199840518585	0.026407995036085687	0.012999001757076528	1.3343841667348409e-5
64.5	0.0002264859223389293	0.026429670899001362	0.012998957276232948	1.3343656069277927e-5
65.0	0.00022660796383846876	0.02645102346112823	0.012998913568733955	1.3343473540692047e-5
65.5	0.00022672809251767775	0.026472047081464056	0.012998870639910804	1.3343294112739121e-5
66.0	0.00022684627854517106	0.02649273622009657	0.012998828494986271	1.334311781598113e-5
66.5	0.0002269624926477366	0.026513085438945164	0.012998787139074805	1.334294468039043e-5
67.0	0.00022707670611363918	0.026533089402477308	0.012998746577183083	1.334277473535053e-5
67.5	0.00022718889079580091	0.026552742878400336	0.012998706814210155	1.3342608009650275e-5
68.0	0.00022729901911485668	0.02657204073832862	0.012998667854947833	1.3342444531484023e-5
68.5	0.00022740706406209095	0.02659097795842724	0.012998629704080925	1.334228432844992e-5
69.0	0.00022751299920226032	0.02660954962003265	0.01299859236618759	1.3342127427549009e-5
69.5	0.00022761679867630032	0.026627750910250724	0.012998555845739357	1.3341973855179622e-5
70.0	0.00022771843720392616	0.02664557712253304	0.012998520147101629	1.3341823637141767e-5
70.5	0.0002278178900861232	0.02666302365723158	0.012998485274533556	1.334167679862843e-5
71.0	0.00022791513320753512	0.02668008602213286	0.012998451232188611	1.334153336423308e-5
71.5	0.00022801014303875183	0.026696759832971532	0.01299841802411435	1.334139335793847e-5
72.0	0.0002281028966384997	0.026713040813924564	0.012998385654252764	1.3341256803121856e-5
72.5	0.00022819337165573458	0.02672892479808571	0.012998354126440476	1.334112372255237e-5
73.0	0.00022828154633164704	0.026744407727921856	0.012998323444408703	1.3340994138389115e-5
73.5	0.00022836739950157507	0.02675948565571063	0.012998293611783408	1.3340868072177963e-5
74.0	0.0002284509105968281	0.026774154743960183	0.0129982646320854	1.3340745544853761e-5
74.5	0.00022853205964643586	0.026788411265812405	0.012998236508730476	1.334062657673925e-5
75.0	0.0002286108272788034	0.02680225160542811	0.012998209245029325	1.3340511187540222e-5
75.5	0.0002286871947232994	0.026815672258356942	0.01299818284418768	1.3340399396347042e-5
76.0	0.0002287611438117602	0.02682866983189055	0.012998157309306427	1.334029122163546e-5
76.5	0.00022883265697992323	0.0268412410454005	0.012998132643381479	1.3340186681261618e-5
77.0	0.00022890171726878898	0.02685338273066082	0.012998108849303872	1.3340085792463099e-5
77.5	0.00022896830832591254	0.026865091832155925	0.012998085929859845	1.3339988571859303e-5
78.0	0.00022903241440663027	0.026876365407374148	0.012998063887730752	1.3339895035448685e-5
78.5	0.00022909402037521828	0.026887200627086705	0.012998042725493068	1.3339805198607977e-5
79.0	0.00022915311170599282	0.026897594775613803	0.012998022445618446	1.3339719076093661e-5
79.5	0.00022920967448434576	0.026907545251076546	0.01299800305047366	1.3339636682037951e-5
80.0	0.00022926369540772406	0.0269170495656362	0.012997984542320554	1.3339558029950503e-5
80.5	0.00022931516178655083	0.026926105345720548	0.012997966923316102	1.3339483132717434e-5
81.0	0.00022936406154509237	0.026934710332237904	0.012997950195512361	1.3339412002599625e-5
81.5	0.00022941038322227129	0.026942862380778733	0.012997934360856358	1.3339344651232564e-5
82.0	0.0002294541159724288	0.02695055946180554	0.012997919421190206	1.3339281089627617e-5
82.5	0.00022949524956603458	0.026957799660830842	0.012997905378250902	1.333922132816714e-5
83.0	0.00022953377439035135	0.026964581178584017	0.01299789223367049	1.3339165376608733e-5
83.5	0.00022956968145004838	0.026970902331166478	0.012997879988975811	1.3339113244081371e-5
84.0	0.00022960296236777342	0.026976761550196442	0.012997868645588658	1.3339064939088267e-5
84.5	0.0002296336093846762	0.02698215738294236	0.012997858204825661	1.3339020469502308e-5
85.0	0.00022966161536088823	0.02698708849244568	0.01299784866789823	1.3338979842568982e-5
85.5	0.00022968697377596516	0.0269915536576339	0.012997840035912624	1.3338943064906256e-5
86.0	0.00022970967872928155	0.026995551773422347	0.012997832309869685	1.3338910142498629e-5
86.5	0.00022972972494038785	0.026999081850806357	0.012997825490665164	1.3338881080706033e-5
87.0	0.0002297471077493286	0.027002143016943366	0.01299781957908939	1.333885588425554e-5
87.5	0.00022976182311691933	0.027004734515224983	0.012997814575827405	1.3338834557245725e-5
88.0	0.00022977386762498557	0.027006855705339037	0.012997810481458883	1.333881710314407e-5
88.5	0.00022978323847656736	0.02700850606332265	0.012997807296458138	1.3338803524789074e-5
89.0	0.00022978993349608015	0.02700968518160454	0.012997805021194072	1.3338793824387571e-5
89.5	0.00022979395112944525	0.027010392769038764	0.0129978036559302	1.333878800351542e-5
90.0	0.0002297952904441785	0.027010628650928185	0.012997803200824679	1.333878606311965e-5
