2021-11-30T22:28:20.781
Frequency Re(k) Im(k)
NG = 100, Rad = 10.0, (φ, θ) = (90.0,0.0), polydegs = (2, 2), material: Au
375.0	0.0007764723932334888	0.023544017332906605
376.0	0.0007754354333619998	0.023516261713406875
377.0	0.0007743989481817144	0.02348848350562555
378.0	0.0007733629394636897	0.023460682632499546
379.0	0.0007723274089903044	0.02343285901653044
380.0	0.0007712923585553674	0.023405012579781177
381.0	0.0007702577899642409	0.023377143243872633
382.0	0.0007692237050339484	0.02334925092998031
383.0	0.0007681901055932981	0.023321335558830765
384.0	0.0007671569934829983	0.02329339705069826
385.0	0.0007661243705557832	0.023265435325401186
386.0	0.0007650922386765305	0.023237450302298568
387.0	0.0007640605997223874	0.02320944190028645
388.0	0.0007630294555828966	0.023181410037794305
389.0	0.0007619988081601225	0.023153354632781398
390.0	0.0007609686593687803	0.023125275602733072
391.0	0.0007599390111363655	0.02309717286465704
392.0	0.0007589098654032881	0.02306904633507967
393.0	0.0007578812241230048	0.023040895930042108
394.0	0.0007568530892621539	0.02301272156509651
395.0	0.0007558254628006947	0.02298452315530213
396.0	0.0007547983467320434	0.022956300615221442
397.0	0.0007542965717999095	0.0229270684915958
398.0	0.0007544396013256164	0.022896602537927004
399.0	0.0007545839432526482	0.0228661108798815
400.0	0.000754729606741874	0.022835593418874513
401.0	0.000754876601035111	0.022805050055703824
402.0	0.0007550249354560192	0.022774480690544552
403.0	0.0007551746194110136	0.022743885222943867
404.0	0.0007553256623901836	0.022713263551815646
405.0	0.0007554780739682303	0.022682615575435088
406.0	0.0007556318638054131	0.02265194119143322
407.0	0.0007557870416485107	0.022621240296791415
408.0	0.0007559436173317927	0.022590512787835814
409.0	0.0007561016007780071	0.02255975856023164
410.0	0.0007562610019993823	0.02252897750897756
411.0	0.0007564218310986365	0.022498169528399888
412.0	0.0007565840982700097	0.022467334512146726
413.0	0.0007567478138003044	0.022436472353182125
414.0	0.0007569129880699397	0.022405582943780117
415.0	0.0007570796315540251	0.02237466617551866
416.0	0.0007572477548234439	0.02234372193927356
417.0	0.000757417368545956	0.022312750125212336
418.0	0.0007575884834873114	0.022281750622787946
419.0	0.0007577611105123851	0.022250723320732534
420.0	0.0007579352605863211	0.022219668107051012
421.0	0.0007581109447756995	0.022188584869014684
422.0	0.0007582881742497145	0.022157473493154632
423.0	0.0007584669602813708	0.022126333865255254
424.0	0.0007586473142486978	0.02209516587034748
425.0	0.0007588292476359813	0.022063969392702085
426.0	0.0007608757808170018	0.022030534574720272
427.0	0.0007651075271981821	0.021994481552816175
428.0	0.0007693443262812066	0.02195839634537477
429.0	0.0007735862248325492	0.021922278804265005
430.0	0.0007778332701294063	0.02188612878028396
431.0	0.0007820855099663786	0.021849946123146627
432.0	0.0007863429926622582	0.021813730681475615
433.0	0.0007906057670669242	0.021777482302790585
434.0	0.000794873882568342	0.021741200833497693
435.0	0.0007991473890996757	0.021704886118878906
436.0	0.0008034263371465174	0.021668538003081023
437.0	0.0008077107777542221	0.021632156329104844
438.0	0.0008120007625353658	0.021595740938793906
439.0	0.0008162963436773236	0.02155929167282331
440.0	0.0008205975739499628	0.021522808370688328
441.0	0.0008249045067134635	0.021486290870692842
442.0	0.0008292171959262679	0.02144973900993771
443.0	0.0008335356961531513	0.0214131526243089
444.0	0.0008378600625734275	0.021376531548465603
445.0	0.0008421903509892866	0.021339875615828105
446.0	0.0008465266178342694	0.021303184658565497
447.0	0.0008508689201818755	0.021266458507583325
448.0	0.0008552173157543203	0.021229696992511055
449.0	0.0008595718629314274	0.021192899941689276
450.0	0.0008639326207596699	0.021156067182156936
451.0	0.0008682996489613635	0.02111919853963824
452.0	0.0008726730079440084	0.021082293838529505
453.0	0.000877052758809787	0.0210453529018858
454.0	0.0008814389633652186	0.021008375551407426
455.0	0.0008913647497510439	0.02096777185192421
456.0	0.0009088048859659871	0.020922263425714994
457.0	0.0009262664706380826	0.020876712662172472
458.0	0.0009437497457895718	0.02083111935518718
459.0	0.0009612549566023616	0.02078548329760531
460.0	0.000978782351464301	0.020739804281230997
461.0	0.0009963321820161972	0.020694082096829044
462.0	0.001013904703199594	0.02064831653412793
463.0	0.0010315001733053341	0.020602507381823162
464.0	0.0010491188540228925	0.02055665442758107
465.0	0.0010667610104905343	0.02051075745804286
466.0	0.0010844269113462588	0.020464816258829222
467.0	0.0011021168287796022	0.02041883061454516
468.0	0.0011198310385842508	0.020372800308785445
469.0	0.0011375698202115436	0.02032672512414032
470.0	0.0011553334568248092	0.02028060484220183
471.0	0.0011731222353546212	0.020234439243570462
472.0	0.0011909364465549227	0.020188228107862412
473.0	0.0012087763850600888	0.02014197121371728
474.0	0.0012266423494428998	0.020095668338806338
475.0	0.0012445346422734643	0.02004931925984129
476.0	0.0012624535701791103	0.02000292375258361
477.0	0.0012803994439052272	0.01995648159185451
478.0	0.0012983725783771276	0.019909992551545484
479.0	0.0013163732927628953	0.01986345640462941
480.0	0.0013344019105372502	0.019816872923172434
481.0	0.0013524587595464762	0.01977024187834639
482.0	0.0013705441720743812	0.01972356304044202
483.0	0.0013886584849093356	0.019676836178882832
484.0	0.0014068020394123954	0.019630061062239773
485.0	0.0014249751815865448	0.019583237458246566
486.0	0.001443178262147034	0.019536365133816
487.0	0.001467148434544964	0.01947423010380341
488.0	0.0014914357437347172	0.019411313360116256
489.0	0.0015157719765804163	0.019348328309196212
490.0	0.0015401578653082449	0.01928527454519649
491.0	0.0015645941550554772	0.01922215166134998
492.0	0.00158908160411871	0.019158959250061728
493.0	0.001613620984206908	0.0190956969030063
494.0	0.0016382130806994668	0.019032364211230092
495.0	0.0016628586929092653	0.018968960765258964
496.0	0.0016875586343508158	0.018905486155211235
497.0	0.0017123137330135984	0.018841939970916544
498.0	0.0017371248316406388	0.01877832180204049
499.0	0.001761992788012425	0.018714631238215453
500.0	0.0017869184752361841	0.018650867869177967
501.0	0.001811902782040667	0.018587031284912646
502.0	0.0018369466130764176	0.01852312107580313
503.0	0.0018620508892216842	0.01845913683279038
504.0	0.0018872165478939467	0.018395078147538373
505.0	0.0019124445433672114	0.018330944612607737
506.0	0.001937735847095034	0.018266735821637667
507.0	0.0019630914480394195	0.018202451369536122
508.0	0.001988512353005555	0.01813809085267919
509.0	0.0020139995869825258	0.018073653869119403
510.0	0.00203955419348993	0.018009140018803854
511.0	0.0020651772349305508	0.017944548903802218
512.0	0.002090869792949028	0.017879880128545137
513.0	0.002116632968796579	0.017815133300073515
514.0	0.002142467883701808	0.01775030802829901
515.0	0.0021683756792475594	0.017685403926276145
516.0	0.0022099500263892723	0.017617554735291266
517.0	0.0022519322280021687	0.01754958612264385
518.0	0.0022940250728630527	0.017481553459534786
519.0	0.0023362302166981897	0.017413457016099122
520.0	0.002378549337814191	0.017345297087519765
521.0	0.0024209841371537763	0.017277073994925726
522.0	0.0024635363383341217	0.01720878808631547
523.0	0.002506207687666583	0.017140439737505543
524.0	0.002548999954156559	0.017072029353104756
525.0	0.002591914929482147	0.017003557367514445
526.0	0.0026349544279502227	0.016935024245954913
527.0	0.0026781202864285423	0.016866430485518277
528.0	0.0027214143642523073	0.016797776616248098
529.0	0.002764838543103679	0.016729063202245823
530.0	0.0028083947268625698	0.016660290842804164
531.0	0.002852084841427069	0.016591460173567572
532.0	0.0028959108345016425	0.016522571867719778
533.0	0.0029398746753514105	0.016453626637198286
534.0	0.0029839783545204663	0.01638462523393591
535.0	0.0030282238835123367	0.016315568451128925
536.0	0.0030726132944305195	0.016246457124531852
537.0	0.0031171486395769935	0.01617729213377829
538.0	0.0031618319910065047	0.016108074403727607
539.0	0.0032066654400343684	0.01603880490583676
540.0	0.0032516510966954983	0.01596948465955677
541.0	0.0032967910891522046	0.015900114733753145
542.0	0.003342087563048417	0.015830696248149197
543.0	0.0033875426808076575	0.01576123037479157
544.0	0.003433158620872362	0.01569171833953656
545.0	0.0034789375768817334	0.01562216142355632
546.0	0.0035248817567855883	0.015552560964863179
547.0	0.003582984642754246	0.015477818175066294
548.0	0.003651870342926253	0.015398584001917723
549.0	0.003721000885624628	0.015319364519414154
550.0	0.003790378720294625	0.015240163837791051
551.0	0.0038600062381302287	0.01516098619581605
552.0	0.003929885766609553	0.015081835961736442
553.0	0.004000019563839859	0.01500271763402638
554.0	0.004070409812716074	0.014923635841917558
555.0	0.004141058614897618	0.014844595345696746
556.0	0.004211967984609959	0.014765601036752821
557.0	0.004283139842278103	0.014686657937356429
558.0	0.004354576008001033	0.014607771200154303
559.0	0.004426278194877357	0.014528946107360824
560.0	0.0044982480021938465	0.014450188069629315
561.0	0.0045704869084903345	0.014371502624585388
562.0	0.004642996264515914	0.014292895435005122
563.0	0.004715777286093058	0.01421437228662132
564.0	0.004788831046908065	0.014135939085541473
565.0	0.004862158471247922	0.014057601855261524
566.0	0.004935760326705501	0.013979366733260971
567.0	0.005009637216876582	0.013901239967165135
568.0	0.005083789574074276	0.013823227910462102
569.0	0.0051582176520877125	0.01374533701776309
570.0	0.005232921519013916	0.01366757383959646
571.0	0.005307901050193092	0.013589945016727426
572.0	0.005383155921279172	0.013512457273997615
573.0	0.005458685601478992	0.013435117413680276
574.0	0.005534489346994383	0.013357932308350142
575.0	0.005610566194702935	0.013280908893268387
576.0	0.005722170404624292	0.013221819780420831
577.0	0.005873205122022358	0.013183026512371333
578.0	0.00602415069340908	0.01314475662445033
579.0	0.006174991508273383	0.013107003693914664
580.0	0.006325712401729207	0.013069760657593535
581.0	0.006476298685508365	0.013033019847874737
582.0	0.0066267361756739435	0.01299677303021813
583.0	0.00677701121700706	0.012961011441867894
584.0	0.006927110704056199	0.012925725831441108
585.0	0.007077022098869765	0.012890906499080177
586.0	0.007226733445464433	0.01285654333686987
587.0	0.007376233381108606	0.012822625869235922
588.0	0.007525511144525335	0.01278914329306091
589.0	0.00767455658114005	0.012756084517273366
590.0	0.007823360145517353	0.012723438201688113
591.0	0.007971912901145357	0.012691192794898547
592.0	0.00812020651773794	0.012659336571044951
593.0	0.008268233266234756	0.012627857665305936
594.0	0.008415986011683271	0.012596744107983697
595.0	0.008563458204191679	0.01256598385707563
596.0	0.008710643868141394	0.012535564829246745
597.0	0.008857537589846691	0.012505474929137651
598.0	0.009004134503845462	0.012475702076962058
599.0	0.009150430278000287	0.012446234234365566
600.0	0.0092964210975824	0.012417059428533545
601.0	0.009442103648503213	0.012388165774551105
602.0	0.00958747509985014	0.012359541496030699
603.0	0.009732533085873633	0.01233117494403505
604.0	0.009877275687563051	0.012303054614332821
605.0	0.009997553998499387	0.012305360023619039
606.0	0.010089074033421283	0.012343432323169526
607.0	0.010180489830828319	0.012381441000341635
608.0	0.010271803690246337	0.012419386363618876
609.0	0.010363017856093126	0.012457268740761496
610.0	0.010454134519054003	0.012495088477488666
611.0	0.010545155817427484	0.01253284593623105
612.0	0.010636083838441234	0.012570541494950377
613.0	0.01072692061953827	0.012608175546022284
614.0	0.010817668149633662	0.012645748495179337
615.0	0.010908328370342005	0.012683260760510968
616.0	0.010998903177175789	0.012720712771517435
617.0	0.011089394420715123	0.01275810496821495
618.0	0.011179803907749192	0.012795437800289387
619.0	0.011270133402389675	0.012832711726295921
620.0	0.011360384627156724	0.012869927212902386
621.0	0.01145055926403785	0.012907084734173868
622.0	0.011540658955520273	0.01294418477089664
623.0	0.011630685305597	0.012981227809939115
624.0	0.011720639880747463	0.013018214343648169
625.0	0.011810524210892877	0.01305514486927884
626.0	0.01190033979032708	0.013092019888455665
627.0	0.011990088078623217	0.013128839906664105
628.0	0.012079770501516913	0.013165605432770495
629.0	0.012169388451766287	0.013202316978568863
630.0	0.012258943289989556	0.013238975058353556
631.0	0.012348436345480503	0.013275580188515991
632.0	0.012437868917002524	0.013312132887164521
633.0	0.012527242273561695	0.013348633673766147
634.0	0.012616557655159264	0.013385083068808878
635.0	0.012705816273524339	0.013421481593483832
636.0	0.012793084977017696	0.013458147179579306
637.0	0.012831442067792902	0.013502805458470955
638.0	0.012869803490612626	0.013547453526995523
639.0	0.012908169151109355	0.013592091490242762
640.0	0.01294653895604081	0.013636719452077012
641.0	0.012984912813270692	0.013681337515154917
642.0	0.013023290631749881	0.013725945780942989
643.0	0.013061672321497925	0.013770544349734704
644.0	0.01310005779358498	0.013815133320667436
645.0	0.0131384469601141	0.01385971279173903
646.0	0.013176839734203865	0.013904282859824115
647.0	0.013215236029971406	0.013948843620690175
648.0	0.013253635762515713	0.01399339516901328
649.0	0.013292038847901358	0.014037937598393613
650.0	0.013330445203142438	0.014082471001370686
651.0	0.013368854746186938	0.014126995469438389
652.0	0.013407267395901392	0.01417151109305966
653.0	0.013445683072055738	0.014216017961681005
654.0	0.013484101695308658	0.014260516163746741
655.0	0.013522523187193023	0.014305005786713022
656.0	0.01356094747010176	0.014349486917061605
657.0	0.013599374467273927	0.014393959640313404
658.0	0.013637804102781065	0.014438424041041818
659.0	0.013676236301513852	0.014482880202885844
660.0	0.013714670989168962	0.014527328208562963
661.0	0.013753108092236217	0.014571768139881812
662.0	0.013791547537985999	0.014616200077754691
663.0	0.013829989254456837	0.014660624102209792
664.0	0.01386843317044332	0.01470504029240329
665.0	0.013907059832452651	0.014748317610940313
666.0	0.013946958396275584	0.014783618733922076
667.0	0.013986854122905432	0.014818914099358168
668.0	0.014026747008769684	0.014854203767814727
669.0	0.014066637050209253	0.014889487799266672
670.0	0.014106524243480108	0.014924766253105336
671.0	0.014146408584754976	0.014960039188145976
672.0	0.014186290070124922	0.0149953066626351
673.0	0.014226168695600918	0.01503056873425777
674.0	0.01426604445711543	0.015065825460144719
675.0	0.014305917350523901	0.015101076896879414
676.0	0.014345787371606246	0.015136323100504966
677.0	0.014385654516068314	0.015171564126530966
678.0	0.014425518779543291	0.015206800029940171
679.0	0.01446538015759312	0.015242030865195155
680.0	0.014505238645709854	0.015277256686244791
681.0	0.014545094239316997	0.015312477546530676
682.0	0.014584946933770809	0.015347693498993445
683.0	0.014624796724361596	0.015382904596078972
684.0	0.014664643606315007	0.015418110889744529
685.0	0.014704487574793182	0.015453312431464774
686.0	0.014744328624896032	0.01548850927223773
687.0	0.014784166751662416	0.015523701462590604
688.0	0.014824001950071261	0.015558889052585572
689.0	0.014863834215042733	0.015594072091825445
690.0	0.01490366354143936	0.01562925062945927
691.0	0.014943489924067086	0.015664424714187816
692.0	0.014983313357676371	0.015699594394269035
693.0	0.015023133836963232	0.01573475971752338
694.0	0.015062951356570261	0.015769920731339086
695.0	0.015102765911087656	0.01580507748267735
696.0	0.015142577495054174	0.015840230018077453
697.0	0.015172787147642527	0.015870065323060418
698.0	0.015197061018583424	0.01589661525694679
699.0	0.01522133306993431	0.015923164909981337
700.0	0.015245603297671235	0.015949714282743273
701.0	0.015269871697776521	0.01597626337580385
702.0	0.015294138266238756	0.01600281218972644
703.0	0.015318402999052684	0.016029360725066513
704.0	0.015342665892219243	0.01605590898237175
705.0	0.015366926941745424	0.016082456962182065
706.0	0.015391186143644315	0.01610900466502964
707.0	0.01541544349393501	0.016135552091438982
708.0	0.015439698988642553	0.016162099241926964
709.0	0.015463952623797942	0.016188646117002874
710.0	0.015488204395438052	0.016215192717168463
711.0	0.015512454299605584	0.016241739042917945
712.0	0.015536702332349056	0.016268285094738117
713.0	0.01556094848972275	0.016294830873108342
714.0	0.01558519276778664	0.016321376378500597
715.0	0.015609435162606412	0.01634792161137954
716.0	0.015633675670253356	0.01637446657220254
717.0	0.015657914286804377	0.016401011261419702
718.0	0.015682151008341944	0.01642755567947393
719.0	0.015706385830954024	0.01645409982680095
720.0	0.015730618750734084	0.016480643703829366
721.0	0.015754849763781022	0.01650718731098067
722.0	0.01577907886619915	0.016533730648669344
723.0	0.01580330605409814	0.0165602737173028
724.0	0.01582753132359298	0.016586816517281514
725.0	0.015851754670803995	0.01661335904899901
726.0	0.015876625292061578	0.01663654768097812
727.0	0.015901863792198646	0.016657826734550504
728.0	0.015927100515741723	0.016679105994459705
729.0	0.015952335461226937	0.016700385460496275
730.0	0.01597756862718652	0.01672166513245198
731.0	0.016002800012148845	0.016742945010119796
732.0	0.016028029614638464	0.016764225093293894
733.0	0.01605325743317611	0.016785505381769622
734.0	0.01607848346627875	0.016806785875343466
735.0	0.01610370771245957	0.01682806657381303
736.0	0.016128930170228043	0.016849347476977042
737.0	0.016154150838089926	0.016870628584635287
738.0	0.016179369714547292	0.01689190989658863
739.0	0.016204586798098542	0.016913191412638966
740.0	0.016229802087238468	0.01693447313258921
741.0	0.01625501558045821	0.016955755056243266
742.0	0.016280227276245365	0.01697703718340604
743.0	0.016305437173083918	0.016998319513883368
744.0	0.016330645269454342	0.017019602047482034
745.0	0.016355851563833585	0.017040884784009756
746.0	0.016381056054695062	0.017062167723275103
747.0	0.016406258740508776	0.017083450865087578
748.0	0.016431459619741226	0.0171047342092575
749.0	0.016456658690855514	0.01712601775559605
750.0	0.0164818559523113	0.017147301503915222
751.0	0.016507051402564896	0.01716858545402781
752.0	0.01653224504006922	0.017189869605747383
753.0	0.01655743686327386	0.017211153958888295
754.0	0.016582626870625092	0.017232438513265627
755.0	0.016604091815703544	0.01725046182771816
756.0	0.01662322865571682	0.017266446231938983
757.0	0.01664236495570027	0.017282430275293456
758.0	0.016661500712961845	0.01729841395788056
759.0	0.016680635924816098	0.017314397279795633
760.0	0.01669977058858415	0.017330380241130407
761.0	0.016718904701593658	0.017346362841973006
762.0	0.01673803826117878	0.017362345082407988
763.0	0.01675717126468016	0.017378326962516327
764.0	0.016776303709444856	0.017394308482375463
765.0	0.016795435592826376	0.01741028964205933
766.0	0.01681456691218458	0.017426270441638327
767.0	0.016833697664885704	0.017442250881179386
768.0	0.016852827848302283	0.017458230960745967
769.0	0.016871957459813156	0.01747421068039807
770.0	0.016891086496803445	0.017490190040192297
771.0	0.01691021495666447	0.017506169040181777
772.0	0.016929342836793784	0.01752214768041629
773.0	0.016948470134595096	0.01753812596094222
774.0	0.016967596847478277	0.01755410388180259
775.0	0.01698672297285931	0.017570081443037087
776.0	0.017005848508160275	0.017586058644682063
777.0	0.0170249734508093	0.01760203548677055
778.0	0.01704409779824057	0.01761801196933232
779.0	0.01706322154789424	0.017633988092393825
780.0	0.017082344697216482	0.017649963855978303
781.0	0.01710146724365938	0.017665939260105713
782.0	0.01712058918468098	0.017681914304792823
783.0	0.017139710517745193	0.01769788899005315
784.0	0.017158831240321814	0.017713863315897038
785.0	0.017177951349886464	0.017729837282331677
786.0	0.017199143643851424	0.017744666448953457
787.0	0.017230146062761062	0.01775408059740236
788.0	0.017261147387463448	0.0177634981787019
789.0	0.017292147613825446	0.01777291918374232
790.0	0.017323146737756763	0.01778234360344973
791.0	0.017354144755209657	0.017791771428786057
792.0	0.017385141662178527	0.01780120265074899
793.0	0.017416137454699544	0.017810637260371957
794.0	0.01744713212885028	0.017820075248723984
795.0	0.01747812568074939	0.017829516606909714
796.0	0.01750911810655619	0.01783896132606929
797.0	0.017540109402470385	0.017848409397378334
798.0	0.017571099564731622	0.017857860812047835
799.0	0.01760208858961922	0.017867315561324135
800.0	0.017633076473451758	0.017876773636488794
801.0	0.01766406321258679	0.017886235028858614
802.0	0.01769504880342047	0.017895699729785466
803.0	0.017726033242387206	0.01790516773065633
804.0	0.01775701652595935	0.017914639022893104
805.0	0.01778799865064683	0.01792411359795266
806.0	0.017818979612996853	0.01793359144732666
807.0	0.017849959409593552	0.017943072562541545
808.0	0.017880938037057675	0.017952556935158473
809.0	0.017911915492046238	0.01796204455677317
810.0	0.01794289177125223	0.017971535419015926
811.0	0.017973866871404277	0.017981029513551516
812.0	0.01800484078926635	0.01799052683207906
813.0	0.01803581352163739	0.018000027366332026
814.0	0.018066785065351077	0.018009531108078056
815.0	0.018097686381469583	0.018019451114874144
816.0	0.018128103626685547	0.01803226132185518
817.0	0.01815851917961201	0.01804507375451887
818.0	0.01818893303974677	0.018057888407516452
819.0	0.018219345206597903	0.01807070527552978
820.0	0.018249755679683576	0.01808352435327122
821.0	0.01828016445853191	0.01809634563548346
822.0	0.018310571542680835	0.018109169116939362
823.0	0.018340976931677952	0.01812199479244182
824.0	0.0183713806250804	0.018134822656823577
825.0	0.018401782622454694	0.018147652704947097
826.0	0.01843218292337661	0.0181604849317044
827.0	0.018462581527431035	0.018173319332016886
828.0	0.01849297843421182	0.018186155900835235
829.0	0.01852337364332169	0.018198994633139193
830.0	0.018553767154372056	0.01821183552393748
831.0	0.018584158966982924	0.018224678568267573
832.0	0.01861454908078274	0.01823752376119562
833.0	0.01864493749540829	0.018250371097816267
834.0	0.01867532421050455	0.018263220573252477
835.0	0.01870570922572457	0.018276072182655437
836.0	0.018736092540729325	0.018288925921204367
837.0	0.018766474155187646	0.018301781784106387
838.0	0.01879685406877606	0.018314639766596388
839.0	0.01882723228117865	0.018327499863936857
840.0	0.018857608792086995	0.018340362071417756
841.0	0.018887983601200007	0.018353226384356373
842.0	0.01891835670822382	0.018366092798097148
843.0	0.0189487281128717	0.018378961308011584
844.0	0.018979097814863885	0.018391831909498054
845.0	0.019009465813927526	0.018404704597981703
846.0	0.019039832109796546	0.018417579368914267
847.0	0.01906007863335573	0.018436303821225256
848.0	0.019073767733565665	0.01845881628978428
849.0	0.019087454681863077	0.018481327544777933
850.0	0.019101139478672716	0.018503837585637797
851.0	0.019114822124414697	0.018526346411788953
852.0	0.019128502619504537	0.018548854022650017
853.0	0.019142180964353175	0.018571360417633197
854.0	0.01915585715936698	0.018593865596144288
855.0	0.019169531204947746	0.018616369557582734
856.0	0.019183203101492803	0.018638872301341695
857.0	0.01919687284939493	0.018661373826808006
858.0	0.019210540449042447	0.01868387413336228
859.0	0.019224205900819198	0.018706373220378946
860.0	0.0192378692051046	0.01872887108722622
861.0	0.019251530362273648	0.018751367733266203
862.0	0.01926518937269692	0.018773863157854887
863.0	0.01927884623674065	0.0187963573603422
864.0	0.019292500954766673	0.018818850340072028
865.0	0.01930615352713251	0.01884134209638227
866.0	0.019319803954191354	0.018863832628604863
867.0	0.0193334522362921	0.018886321936065802
868.0	0.019347098373779372	0.018908810018085188
869.0	0.019360742366993526	0.018931296873977273
870.0	0.019374384216270666	0.018953782503050454
871.0	0.019388023921942714	0.018976266904607346
872.0	0.019401661484337352	0.018998750077944805
873.0	0.019415296903778117	0.019021232022353934
874.0	0.019428930180584347	0.01904371273712016
875.0	0.019442561315071275	0.019066192221523236
876.0	0.01946123976686035	0.019091594718801667
877.0	0.019482147152967567	0.019118288844904803
878.0	0.019503052360184788	0.019144982661548685
879.0	0.019523955385214394	0.0191716761667314
880.0	0.019544856224762146	0.019198369358453343
881.0	0.019565754875537206	0.019225062234717205
882.0	0.019586651334252105	0.019251754793527955
883.0	0.019607545597622733	0.0192784470328928
884.0	0.019628437662368357	0.019305138950821154
885.0	0.019649327525211587	0.01933183054532465
886.0	0.019670215182878377	0.019358521814417058
887.0	0.01969110063209803	0.019385212756114288
888.0	0.01971198386960316	0.019411903368434395
889.0	0.019732864892129724	0.01943859364939751
890.0	0.01975374369641698	0.019465283597025814
891.0	0.0197746202792075	0.01949197320934355
892.0	0.019795494637247158	0.01951866248437697
893.0	0.01981636676728511	0.019545351420154327
894.0	0.019837236666073815	0.019572040014705836
895.0	0.019858104330369	0.01959872826606367
896.0	0.019878969756929668	0.019625416172261906
897.0	0.019899832942518077	0.019652103731336548
898.0	0.01992069388389977	0.019678790941325443
899.0	0.0199415525778435	0.019705477800268323
900.0	0.0199624090211213	0.01973216430620673
901.0	0.01998326321050842	0.019758850457184035
902.0	0.02000411514278335	0.01978553625124536
903.0	0.0200249648147278	0.019812221686437637
904.0	0.020045812223126694	0.019838906760809502
905.0	0.02008192766369106	0.019868740314032865
906.0	0.020126308262973163	0.019900276914232767
907.0	0.020170683755740704	0.01993181090873218
908.0	0.020215054150206274	0.019963342332623202
909.0	0.020259419454433707	0.01999487122078313
910.0	0.02030377967633984	0.02002639760787627
911.0	0.020348134823696132	0.020057921528355782
912.0	0.020392484904130273	0.0200894430164653
913.0	0.02043682992512784	0.020120962106240748
914.0	0.02048116989403386	0.02015247883151203
915.0	0.020525504818054402	0.02018399322590471
916.0	0.020569834704258095	0.020215505322841693
917.0	0.020614159559577704	0.020247015155544917
918.0	0.020658479390811592	0.020278522757036954
919.0	0.020702794204625213	0.020310028160142633
920.0	0.02074710400755264	0.020341531397490724
921.0	0.02079140880599793	0.02037303250151542
922.0	0.020835708606236587	0.02040453150445799
923.0	0.020880003414417012	0.020436028438368354
924.0	0.02092429323656182	0.020467523335106545
925.0	0.02096857807856929	0.020499016226344348
926.0	0.02101285794621465	0.020530507143566717
927.0	0.021057132845151483	0.020561996118073335
928.0	0.021101402780912975	0.020593483180980074
929.0	0.02114566775891331	0.0206249683632205
930.0	0.021189927784448843	0.02065645169554727
931.0	0.021234182862699458	0.020687933208533613
932.0	0.021278432998729786	0.02071941293257474
933.0	0.021322678197490463	0.020750890897889295
934.0	0.0213669184638193	0.02078236713452068
935.0	0.021411153802442552	0.02081384167233852
936.0	0.0214471164996966	0.020841472619876317
937.0	0.02146535906254101	0.020860869456908175
938.0	0.02148360005050418	0.02088026561124007
939.0	0.02150183946208609	0.02089966108246063
940.0	0.021520077295787792	0.020919055870155807
941.0	0.02153831355011143	0.020938449973908934
942.0	0.021556548223560196	0.020957843393300715
943.0	0.021574781314638383	0.020977236127909207
944.0	0.021593012821851346	0.020996628177309854
945.0	0.021611242743705485	0.021016019541075518
946.0	0.021629471078708315	0.021035410218776425
947.0	0.021647697825368375	0.02105480020998024
948.0	0.021665922982195294	0.021074189514252016
949.0	0.02168414654769975	0.021093578131154252
950.0	0.02170236852039349	0.02111296606024688
951.0	0.021720588898789316	0.02113235330108727
952.0	0.0217388076814011	0.02115173985323023
953.0	0.021757024866743756	0.021171125716228017
954.0	0.021775240453333268	0.021190510889630393
955.0	0.021793454439686662	0.02120989537298455
956.0	0.021811666824322014	0.021229279165835186
957.0	0.021829877605758472	0.021248662267724476
958.0	0.021848086782516214	0.021268044678192093
959.0	0.021866294353116468	0.021287426396775208
960.0	0.021884500316081523	0.021306807423008535
961.0	0.021902704669934693	0.021326187756424243
962.0	0.021920907413200352	0.021345567396552096
963.0	0.02193910854440391	0.021364946342919355
964.0	0.02195730806207182	0.02138432459505083
965.0	0.02197594770377956	0.0214038191767521
966.0	0.02199829757854503	0.021424296776169662
967.0	0.022020645536980264	0.021444774287882544
968.0	0.022042991577178206	0.021465251711324275
969.0	0.02206533569723233	0.021485729045927257
970.0	0.022087677895236697	0.021506206291122876
971.0	0.022110018169285896	0.021526683446341437
972.0	0.022132356517475093	0.02154716051101217
973.0	0.02215469293789998	0.021567637484563234
974.0	0.02217702742865684	0.02158811436642173
975.0	0.022199359987842487	0.02160859115601367
976.0	0.02222169061355428	0.021629067852764
977.0	0.022244019303890177	0.02164954445609659
978.0	0.02226634605694865	0.02167002096543423
979.0	0.02228867087082875	0.021690497380198615
980.0	0.02231099374363008	0.021710973699810374
981.0	0.022333314673452793	0.021731449923689056
982.0	0.02235563365839763	0.021751926051253135
983.0	0.022377950696565847	0.02177240208191996
984.0	0.022400265786059307	0.02179287801510584
985.0	0.022422578924980386	0.02181335385022595
986.0	0.022444890111432046	0.021833829586694414
987.0	0.022467199343517805	0.02185430522392422
988.0	0.022489506619341754	0.02187478076132733
989.0	0.02251181193700853	0.02189525619831453
990.0	0.02253411529462333	0.021915731534295557
991.0	0.022556416690291934	0.021936206768679054
992.0	0.02257871612212066	0.021956681900872542
993.0	0.02260101358821641	0.021977156930282453
994.0	0.02262330908668664	0.02199763185631412
995.0	0.022645602615639377	0.022018106678371747
996.0	0.022667894173183205	0.022038581395858476
997.0	0.022677870099645767	0.022054650899027695
998.0	0.022682070518384875	0.022068650970201373
999.0	0.022686269910011	0.022082646645521828
1000.0	0.022690468273580573	0.022096637927845154
