2021-11-21T12:40:42.142
Frequency Re(k) Im(k)
375.0	0.0006474027928653364	0.2697950376641047
376.0	0.0006433089045866833	0.26952960048401664
377.0	0.0006392242848897859	0.2692648831344605
378.0	0.0006351486433353401	0.26900087802338835
379.0	0.0006310816954432995	0.2687375776724424
380.0	0.0006270231625332635	0.268474974714687
381.0	0.0006229727715697603	0.26821306189221394
382.0	0.0006189302550064729	0.2679518320538006
383.0	0.0006148953506417774	0.26769127815277927
384.0	0.00061086780147323	0.26743139324476706
385.0	0.0006068473555602266	0.2671721704855871
386.0	0.0006028337658880968	0.2669136031291499
387.0	0.0005988267902377406	0.2666556845255227
388.0	0.0005948261910615405	0.2663984081189881
389.0	0.0005908317353532048	0.2661417674458541
390.0	0.0005868431945365529	0.26588575613302917
391.0	0.0005828603443445035	0.26563036789588784
392.0	0.0005788829647071573	0.26537559653656745
393.0	0.0005749108396434009	0.2651214359421691
394.0	0.0005709437571546436	0.2648678800833352
395.0	0.0005669815091183496	0.2646149230121887
396.0	0.000563023891194583	0.26436255886116067
397.0	0.0005646711328858502	0.2641044941532057
398.0	0.0005731974096197624	0.26383929422373725
399.0	0.0005817359476851248	0.26357466334029606
400.0	0.0005902869631362976	0.26331059549012176
401.0	0.0005988506696067492	0.2630470847397201
402.0	0.0006074272783930289	0.2627841252336218
403.0	0.0006160169985282749	0.2625217111924468
404.0	0.0006246200368592854	0.26225983691163685
405.0	0.0006332365981199895	0.261998496759975
406.0	0.000641866885000202	0.261737685178007
407.0	0.0006505110982178774	0.26147739667691106
408.0	0.0006591694365826548	0.26121762583683045
409.0	0.0006678420970633595	0.2609583673056638
410.0	0.0006765292748533421	0.2606996157979086
411.0	0.0006852311634283375	0.2604413660931406
412.0	0.0006939479546110486	0.2601836130349255
413.0	0.000702679838626879	0.25992635152956417
414.0	0.0007114270041621405	0.2596695765448711
415.0	0.0007201896384212885	0.2594132831090894
416.0	0.000728967927179366	0.25915746630969905
417.0	0.0007377620548361457	0.2589021212923474
418.0	0.0007465722044657088	0.25864724325963573
419.0	0.0007553985578717245	0.2583928274703621
420.0	0.0007642412956288142	0.258138869238077
421.0	0.000773100597140457	0.2578853639304857
422.0	0.0007819766406762683	0.2576323069681864
423.0	0.0007908696034218713	0.257379693823681
424.0	0.0007997796615239636	0.2571275200206251
425.0	0.0008087069901318452	0.2568757811327668
426.0	0.0008180927058314014	0.2566237902860313
427.0	0.0008280134157245389	0.2563714254371866
428.0	0.0008379535035962596	0.25611948087428776
429.0	0.0008479131695161816	0.2558679523259115
430.0	0.0008578926125524634	0.25561683556682757
431.0	0.0008678920308110029	0.2553661264169207
432.0	0.0008779116214922614	0.2551158207408328
433.0	0.0008879515809231973	0.2548659144468167
434.0	0.0008980121046057123	0.2546164034861347
435.0	0.0009080933872545757	0.25436728385218443
436.0	0.0009181956228433288	0.25411855158001506
437.0	0.0009283190046348411	0.2538702027451817
438.0	0.0009384637252299222	0.2536222334634856
439.0	0.0009486299765980061	0.25337463988994036
440.0	0.0009588179501160485	0.25312741821822393
441.0	0.0009690278366071031	0.2528805646800577
442.0	0.0009792598263741604	0.25263407554450285
443.0	0.0009895141092342255	0.25238794711728474
444.0	0.0009997908745526783	0.25214217574016873
445.0	0.0010100903112767786	0.25189675779039067
446.0	0.0010204126079705054	0.25165168968009327
447.0	0.0010307579528442594	0.2514069678556379
448.0	0.0010411265337847149	0.2511625887970183
449.0	0.001051518538392224	0.2509185490174804
450.0	0.0010619341540007187	0.25067484506263304
451.0	0.001072373567718873	0.2504314735102527
452.0	0.0010828369664514668	0.25018843096954224
453.0	0.0010933245369298492	0.24994571408063185
454.0	0.001103836465740399	0.2497033195140882
455.0	0.0011145132738096285	0.24946312166819937
456.0	0.0011254044176986085	0.24922578914520618
457.0	0.001136319704691926	0.24898877662850072
458.0	0.0011472593165816414	0.24875208100254995
459.0	0.0011582234350098882	0.2485156991792602
460.0	0.00116921224149379	0.24827962809773188
461.0	0.0011802259174513463	0.24804386472372214
462.0	0.0011912646442254137	0.24780840604922633
463.0	0.001202328603104216	0.24757324909198675
464.0	0.0012134179753511653	0.24733839089529164
465.0	0.0012245329422227503	0.24710382852736248
466.0	0.0012356736849946813	0.24686955908109035
467.0	0.0012468403849827682	0.24663557967360744
468.0	0.001258033223562505	0.2464018874458646
469.0	0.0012692523821972153	0.24616847956236787
470.0	0.0012804980424513512	0.24593535321066065
471.0	0.0012917703860173965	0.245702505601108
472.0	0.0013030695947340272	0.24546993396645428
473.0	0.00131439585060866	0.24523763556154618
474.0	0.0013257493358332425	0.2450056076628553
475.0	0.0013371302328094932	0.24477384756838394
476.0	0.0013485387241629107	0.24454235259705343
477.0	0.0013599749927665369	0.2443111200885817
478.0	0.0013714392217608706	0.24408014740319978
479.0	0.00138293159456362	0.2438494319210588
480.0	0.0013944522948973212	0.24361897104218105
481.0	0.001406001506806917	0.2433887621861387
482.0	0.0014175794146728074	0.2431588027916644
483.0	0.001429186203230233	0.24292909031633744
484.0	0.0014408220575944301	0.24269962223654787
485.0	0.0014524871632612462	0.24247039604674323
486.0	0.0014641817061438794	0.24224140925970727
487.0	0.0014608104430908538	0.2419910414543727
488.0	0.0014567289195056093	0.2417398409100808
489.0	0.0014526449489406467	0.2414888183575821
490.0	0.001448558387365295	0.2412379708554106
491.0	0.0014444690916346097	0.2409872954785902
492.0	0.0014403769194562162	0.24073678931831663
493.0	0.00143628172935988	0.2404864494815666
494.0	0.0014321833806633577	0.24023627309070184
495.0	0.001428081733456081	0.2399862572834863
496.0	0.0014239766485617785	0.23973639921250864
497.0	0.00141986798750909	0.23948669604493444
498.0	0.0014157556125103151	0.23923714496228066
499.0	0.0014116393864304958	0.23898774316010032
500.0	0.0014075191727619804	0.23873848784767948
501.0	0.0014033948355987869	0.23848937624782182
502.0	0.0013992662396072647	0.23824040559644377
503.0	0.0013951332500063709	0.2379915731424641
504.0	0.001390995732539259	0.23774287614744616
505.0	0.0013868535534473933	0.23749431188534292
506.0	0.00138270657944991	0.23724587764225008
507.0	0.001378554677714614	0.23699757071610622
508.0	0.0013743977158391105	0.23674938841652032
509.0	0.0013702355618277233	0.23650132806451138
510.0	0.001366068084062486	0.2362533869921666
511.0	0.0013618951512866782	0.2360055625425069
512.0	0.00135771663257982	0.23575785206917316
513.0	0.001353532397333733	0.23551025293624342
514.0	0.0013493423152360496	0.23526276251799136
515.0	0.0013451462562411275	0.23501537819858487
516.0	0.001358287447673362	0.23477894341915695
517.0	0.001371802017655724	0.23454285107369602
518.0	0.0013853579412620148	0.23430689109410346
519.0	0.001398955503962423	0.2340710612002108
520.0	0.0014125949925839069	0.23383535912196662
521.0	0.0014262766953386592	0.2335997825992894
522.0	0.0014400009018423461	0.23336432938183846
523.0	0.00145376790313899	0.23312899722880215
524.0	0.0014675779917259076	0.23289378390884524
525.0	0.0014814314615799237	0.23265868719989077
526.0	0.0014953286081727665	0.2324237048888214
527.0	0.001509269728503184	0.232188834771484
528.0	0.0015232551211129088	0.23195407465241022
529.0	0.0015372850861196555	0.23171942234475043
530.0	0.001551359925229527	0.23148487566996398
531.0	0.0015654799417710598	0.23125043245782712
532.0	0.0015796454407101855	0.2310160905461411
533.0	0.0015938567286800803	0.23078184778063524
534.0	0.0016081141140018768	0.2305477020148451
535.0	0.0016224179067093666	0.23031365110987545
536.0	0.00163676841857144	0.23007969293429045
537.0	0.001651165963117725	0.22984582536399398
538.0	0.0016656108556615248	0.22961204628202483
539.0	0.001680103413324824	0.22937835357848116
540.0	0.0016946439550575767	0.22914474515025607
541.0	0.0017092328016708122	0.2289112189010725
542.0	0.0017238702758507272	0.22867777274116016
543.0	0.001738556702190701	0.22844440458723766
544.0	0.001753292407211169	0.22821111236232589
545.0	0.0017680777193837137	0.22797789399559856
546.0	0.0017829129691595582	0.2277447474222883
547.0	0.0017877913340812646	0.22749008754534789
548.0	0.0017838654232973474	0.22721638031621763
549.0	0.0017799322019790723	0.22694259045976992
550.0	0.0017759915116862673	0.22666871462155488
551.0	0.0017720431935279257	0.22639474944356838
552.0	0.0017680870881308672	0.22612069156399742
553.0	0.0017641230356128218	0.22584653761687162
554.0	0.001760150875556764	0.22557228423185868
555.0	0.0017561704469803744	0.22529792803393667
556.0	0.0017521815883132599	0.22502346564318026
557.0	0.0017481841373619975	0.22474889367437978
558.0	0.001744177931289433	0.22447420873689283
559.0	0.0017401628065842046	0.22419940743426442
560.0	0.0017361385990330694	0.22392448636399961
561.0	0.0017321051436920845	0.22364944211730597
562.0	0.001728062274861774	0.22337427127875803
563.0	0.0017240098260569538	0.22309897042609717
564.0	0.001719947629978649	0.22282353612986433
565.0	0.0017158755184867112	0.22254796495318466
566.0	0.0017117933225732586	0.22227225345151944
567.0	0.0017077008723291904	0.22199639817225977
568.0	0.0017035979969234427	0.2217203956546205
569.0	0.0016994845245670435	0.2214442424291925
570.0	0.0016953602824901195	0.2211679350178341
571.0	0.0016912250969097207	0.22089146993322017
572.0	0.0016870787930016037	0.220614843678687
573.0	0.001682921194871814	0.2203380527478635
574.0	0.0016787521255273805	0.22006109362446954
575.0	0.0016745714068459806	0.21978396278196938
576.0	0.0016754706876036364	0.21950989948700947
577.0	0.0016820858480637623	0.21923930631441493
578.0	0.0016887371973271087	0.2189685630124121
579.0	0.0016954250164233618	0.21869766632054136
580.0	0.0017021495894208503	0.21842661296972116
581.0	0.001708911203457661	0.21815539968199754
582.0	0.0017157101487771458	0.21788402317017172
583.0	0.0017225467187704485	0.21761248013777734
584.0	0.0017294212100056588	0.21734076727858362
585.0	0.0017363339222714292	0.21706888127650764
586.0	0.0017432851586161103	0.21679681880538096
587.0	0.0017502752253791274	0.21652457652854434
588.0	0.0017573044322397285	0.21625215109870977
589.0	0.0017643730922522539	0.21597953915773777
590.0	0.0017714815218876428	0.2157067373362867
591.0	0.0017786300410760354	0.2154337422535988
592.0	0.0017858189732471842	0.2151605505172523
593.0	0.0017930486453751704	0.21488715872290662
594.0	0.0018003193880210013	0.2146135634540089
595.0	0.0018076315353774512	0.21433976128159116
596.0	0.001814985425313379	0.2140657487639424
597.0	0.0018223813994172557	0.21379152244634253
598.0	0.001829819803048299	0.21351707886088958
599.0	0.0018373009853801241	0.21324241452614154
600.0	0.0018448252994487907	0.2129675259468802
601.0	0.0018523931022016327	0.21269240961379857
602.0	0.001860004754546872	0.21241706200331717
603.0	0.0018676606214048054	0.21214147957723922
604.0	0.001875361071755838	0.21186565878247146
605.0	0.0018830699183380228	0.2115909682594626
606.0	0.0018907799080129942	0.21131766787463294
607.0	0.0018985343688005182	0.2110441331925108
608.0	0.001906333669273422	0.21077036073998934
609.0	0.0019141781820669827	0.21049634702915254
610.0	0.0019220682839292615	0.2102220885569252
611.0	0.001930004355776771	0.20994758180495274
612.0	0.0019379867827437687	0.20967282323918204
613.0	0.0019460159542379859	0.2093978093096758
614.0	0.001954092263995946	0.20912253645028878
615.0	0.0019622161101377988	0.208847001078461
616.0	0.0019703878952219006	0.20857119959482265
617.0	0.0019786080263072985	0.20829512838304254
618.0	0.0019868769150061727	0.208018783809437
619.0	0.0019951949775474428	0.20774216222274014
620.0	0.0020035626348336635	0.20746525995380893
621.0	0.0020119803125052795	0.207188073315298
622.0	0.0020204484410005284	0.20691059860142746
623.0	0.0020289674556178056	0.20663283208761013
624.0	0.0020375377965834553	0.2063547700302159
625.0	0.0020461599091123055	0.20607640866623822
626.0	0.00205483424347704	0.2057977442129879
627.0	0.0020635612550737536	0.20551877286779957
628.0	0.0020723414044913576	0.20523949080771595
629.0	0.0020811751575794475	0.20495989418916544
630.0	0.0020900629855208175	0.20467997914766053
631.0	0.002099005364900425	0.20439974179746478
632.0	0.0021080027777816363	0.20411917823130188
633.0	0.0021170557117770774	0.20383828451996003
634.0	0.002126164660124461	0.20355705671203733
635.0	0.002135330121763511	0.20327549083356752
636.0	0.002144008196578649	0.20299211518425048
637.0	0.00213894225423687	0.2026711770212449
638.0	0.002133851861469448	0.20234965122821016
639.0	0.0021287366425607104	0.2020275311119543
640.0	0.0021235962166535807	0.2017048099211832
641.0	0.0021184301976509188	0.20138148084568405
642.0	0.0021132381941046017	0.20105753701532128
643.0	0.0021080198091118713	0.200732971499149
644.0	0.0021027746402058987	0.20040777730442821
645.0	0.002097502279240723	0.20008194737564017
646.0	0.002092202312281484	0.19975547459356402
647.0	0.0020868743194848807	0.1994283517742139
648.0	0.0020815178749833355	0.19910057166785622
649.0	0.002076132546759995	0.19877212695794683
650.0	0.0020707178965288808	0.19844301026012517
651.0	0.002065273479606032	0.19811321412110008
652.0	0.002059798844782675	0.19778273101762944
653.0	0.0020542935341920938	0.1974515533553379
654.0	0.0020487570831751525	0.19711967346765835
655.0	0.0020431890201442044	0.196787083614687
656.0	0.0020375888664420885	0.1964537759820175
657.0	0.002031956136199679	0.19611974267954804
658.0	0.0020262903361874672	0.19578497574030967
659.0	0.0020205909656693805	0.19544946711926522
660.0	0.002014857516247146	0.19511320869203921
661.0	0.002009089471705952	0.19477619225369694
662.0	0.0020032863078539654	0.19443840951741756
663.0	0.001997447492359187	0.1940998521132616
664.0	0.0019915724845840296	0.19376051158679475
665.0	0.0019876042435774312	0.19342371569492903
666.0	0.001997353784790153	0.19310973581338198
667.0	0.002007175999233044	0.19279514355877347
668.0	0.002017071665328534	0.1924799325549588
669.0	0.0020270415721993433	0.19216409637047846
670.0	0.0020370865198424772	0.19184762851769002
671.0	0.002047207319309204	0.19153052245201013
672.0	0.002057404792885924	0.19121277157105168
673.0	0.0020676797742829873	0.190894369213853
674.0	0.002078033108819331	0.19057530865990666
675.0	0.002088465653619667	0.19025558312842242
676.0	0.002098978277809787	0.189935185777388
677.0	0.002109571862714612	0.18961410970268705
678.0	0.002120247302065398	0.18929234793719016
679.0	0.0021310055022056296	0.1889698934498589
680.0	0.002141847382304643	0.18864673914480343
681.0	0.002152773874572278	0.18832287786033336
682.0	0.002163785924480524	0.1879983023680243
683.0	0.0021748844909863854	0.18767300537169931
684.0	0.0021860705467618325	0.18734697950649618
685.0	0.0021973450784255116	0.18702021733778798
686.0	0.002208709086783815	0.18669271136026647
687.0	0.002220163587068166	0.18636445399681947
688.0	0.002231709609185729	0.18603543759750804
689.0	0.0022433481979696637	0.18570565443851375
690.0	0.002255080413435845	0.18537509672104197
691.0	0.002266907331043927	0.18504375657020958
692.0	0.0022788300419640138	0.18471162603394758
693.0	0.002290849653349107	0.18437869708186505
694.0	0.002302967288611375	0.184044961604069
695.0	0.002315184087703422	0.18371041141001085
696.0	0.002327501207408006	0.18337503822732173
697.0	0.0023539520203257115	0.18301000068374473
698.0	0.002389366556075564	0.1826259919371787
699.0	0.0024251191074275164	0.18224074997554546
700.0	0.002461214629069701	0.1818542610943549
701.0	0.002497658165951467	0.18146651142007747
702.0	0.002534454855254744	0.1810774869073199
703.0	0.002571609928413182	0.18068717333597095
704.0	0.002609128713177596	0.18029555630819558
705.0	0.0026470166357378563	0.1799026212454924
706.0	0.00268527922289148	0.17950835338555482
707.0	0.0027239221042689547	0.17911273777923759
708.0	0.0027629510146136124	0.17871575928728725
709.0	0.0028023717961181646	0.1783174025771838
710.0	0.002842190400818776	0.1779176521198255
711.0	0.0028824128930466687	0.1775164921861113
712.0	0.0029230454519446917	0.17711390684360598
713.0	0.002964094374041374	0.17670987995295082
714.0	0.003005566075894888	0.1763043951644369
715.0	0.003047467096793893	0.1758974359142259
716.0	0.0030898041015370863	0.17548898542081853
717.0	0.0031325838832692815	0.175079026681188
718.0	0.0031758133663982494	0.17466754246698032
719.0	0.003219499609575031	0.17425451532060698
720.0	0.0032636498087588524	0.17383992755130875
721.0	0.0033082713003451994	0.17342376123103062
722.0	0.0033533715643814838	0.1730059981903526
723.0	0.003398958227857191	0.17258662001425518
724.0	0.003445039068077032	0.17216560803784756
725.0	0.003491622016113457	0.17174294334196757
726.0	0.0035267388818468193	0.17126620850802657
727.0	0.003555452062167179	0.17075710531106003
728.0	0.0035845665441630375	0.1702452484321334
729.0	0.0036140903165765076	0.16973059770141793
730.0	0.0036440315693288335	0.16921311218997948
731.0	0.0036743986994204393	0.16869275019135735
732.0	0.0037052003170036933	0.16816946920252687
733.0	0.0037364452516481118	0.16764322590445033
734.0	0.0037681425587931363	0.16711397614198123
735.0	0.0038003015263981146	0.166581674903369
736.0	0.003832931681788727	0.16604627629897598
737.0	0.003866042798707675	0.16550773353957834
738.0	0.003899644904574679	0.16496599891400351
739.0	0.003933748287951544	0.16442102376610737
740.0	0.003968363506230382	0.16387275847123955
741.0	0.004003501393525679	0.16332115241189987
742.0	0.004039173068796875	0.16276615395282976
743.0	0.004075389944187576	0.16220771041538912
744.0	0.004112163733583688	0.16164576805126857
745.0	0.004149506461396468	0.1610802720153874
746.0	0.004187430471569813	0.1605111663381854
747.0	0.004225948436799738	0.15993839389705866
748.0	0.0042650733679791735	0.1593618963870825
749.0	0.004304818623847198	0.15878161429098495
750.0	0.004345197920851427	0.15819748684822207
751.0	0.004386225343203959	0.15760945202335302
752.0	0.004427915353126336	0.15701744647351323
753.0	0.004470282801269349	0.15642140551511835
754.0	0.004513342937295104	0.1558212630896294
755.0	0.004557245058443108	0.15521510151938625
756.0	0.0046019615293050745	0.15460350482558155
757.0	0.0046474270960119935	0.15398754834638526
758.0	0.004693659006261726	0.153367158881948
759.0	0.004740674972276933	0.15274226163475219
760.0	0.004788493182209859	0.15211278016877106
761.0	0.004837132311514031	0.15147863636752995
762.0	0.004886611534292221	0.1508397503911275
763.0	0.004936950534613597	0.15019604063214737
764.0	0.004988169517885151	0.14954742367046617
765.0	0.005040289222425107	0.14889381422686485
766.0	0.005093330931512427	0.14823512511571107
767.0	0.005147316486309462	0.1475712671969716
768.0	0.0052022683000221915	0.14690214932867143
769.0	0.0052582093731548245	0.14622767832141104
770.0	0.005315163308272024	0.14554775889741153
771.0	0.005373154319986682	0.1448622936558914
772.0	0.005432207233345916	0.14417118304282567
773.0	0.005492347465489424	0.14347432531611265
774.0	0.005553600995020015	0.14277161649282863
775.0	0.005615994336177082	0.14206295027248184
776.0	0.005679554535311412	0.1413482179485721
777.0	0.0057443091897250295	0.14062730833137585
778.0	0.005810286471147867	0.139900107694802
779.0	0.005877515135746385	0.1391664997422552
780.0	0.00594602451483982	0.13842636557853888
781.0	0.006015844490261094	0.1376795836787081
782.0	0.006087005460188974	0.13692602985209562
783.0	0.00615953829882916	0.13616557720335437
784.0	0.006233474310600467	0.13539809609336684
785.0	0.0063088451778849875	0.13462345410214174
786.0	0.006403898276928808	0.1338187358648358
787.0	0.006588422314168921	0.13289713741715986
788.0	0.006777542343298022	0.1319651431657275
789.0	0.006971399302038625	0.131022527890517
790.0	0.007170137286799864	0.13006906056888107
791.0	0.007373903332066825	0.12910450419771138
792.0	0.007582847128193182	0.1281286156016764
793.0	0.007797120667470665	0.1271411452244947
794.0	0.008016877806826984	0.12614183689971217
795.0	0.008242273733804836	0.12513042759674697
796.0	0.008473464320498392	0.12410664713724538
797.0	0.008710605347878209	0.12307021787563328
798.0	0.008953851580346001	0.12202085433717252
799.0	0.00920335566739943	0.12095826280528378
800.0	0.009459266845895601	0.11988214084879961
801.0	0.009721729412447009	0.11879217677843615
802.0	0.009990880930994098	0.11768804902039487
803.0	0.010266850135285542	0.11656942539311699
804.0	0.01054975447994702	0.11543596227259047
805.0	0.010839697286625871	0.11428730362938613
806.0	0.01113676442334878	0.11312307992039676
807.0	0.011441020445345068	0.11194290681759544
808.0	0.011752504113916444	0.1107463837565965
809.0	0.012071223196004498	0.1095330922902324
810.0	0.012397148430544949	0.1083025942359008
811.0	0.012730206527823527	0.10705442961318784
812.0	0.01307027204422488	0.1057881143795892
813.0	0.013417157946234666	0.10450313798994047
814.0	0.013770604643413804	0.10319896083212386
815.0	0.014142616839513303	0.10185199729719156
816.0	0.01460885681903777	0.1003200161991148
817.0	0.01508394834065348	0.09876001091041098
818.0	0.015566919439674273	0.09717079238158907
819.0	0.016056514784735753	0.09555106262480009
820.0	0.016551135973363974	0.093899408907949
821.0	0.017048768790593638	0.09221430333916528
822.0	0.017546894647730994	0.09049411185894211
823.0	0.01804238324387166	0.08873711877539353
824.0	0.018531363827123542	0.08694157605553296
825.0	0.01900907388117098	0.0851057909200779
826.0	0.01946968772097371	0.08322827107749557
827.0	0.019906135196707916	0.08130795392212586
828.0	0.020309935286494715	0.07934455273331313
829.0	0.020671094307044127	0.07733905512247993
830.0	0.02097815614703608	0.07529439739612998
831.0	0.021218538130836836	0.07321629679442077
832.0	0.021379319216652776	0.07111413137075519
833.0	0.021448615759969	0.06900160834722065
834.0	0.021417510314770558	0.06689680526191198
835.0	0.0212821622973809	0.06482114743858815
836.0	0.021045366938320625	0.06279718063063036
837.0	0.02071677622958072	0.060845601307668355
838.0	0.020311492540482517	0.05898253503399626
839.0	0.01984753809950981	0.05721801114630064
840.0	0.019343175759289257	0.05555594769845028
841.0	0.018814894711558162	0.053995261887507466
842.0	0.018276353409557775	0.052531433779378627
843.0	0.017738134674779686	0.05115798280576353
844.0	0.01720800013690099	0.04986759819152714
845.0	0.016691362617491375	0.048652885895849395
846.0	0.016191795757468975	0.04750680185019668
847.0	0.015622073616347558	0.04617106233617927
848.0	0.015025773616734054	0.04476601288236483
849.0	0.014464814306376646	0.043452612559915484
850.0	0.013939185293119898	0.04222025430042744
851.0	0.013447901815544854	0.04105992139578815
852.0	0.012989421979306475	0.039963944865994354
853.0	0.012561915158130814	0.03892577842432242
854.0	0.012163432017114601	0.037939804467256776
855.0	0.011792010276393624	0.037001172709429486
856.0	0.011445738777507805	0.03610566834801275
857.0	0.011122794626624346	0.03524960520963542
858.0	0.010821463058024209	0.03442973933444614
859.0	0.010540146313484369	0.033643198995632756
860.0	0.010277365654037427	0.032887427836134915
861.0	0.010031759198546132	0.03216013845892222
862.0	0.009802077350146649	0.03145927437470286
863.0	0.009587176951494846	0.030782978678933353
864.0	0.009386014889673801	0.030129568205738463
865.0	0.009197641576928116	0.029497512199787405
866.0	0.009021194517112547	0.028885414767460364
867.0	0.008855892001845956	0.028292000519461857
868.0	0.008701026854285789	0.02771610290021074
869.0	0.008555960056268144	0.027156654717295062
870.0	0.008420114072435357	0.026612680348817443
871.0	0.008292965741975411	0.02608328904535757
872.0	0.00817403875218931	0.02556766870387925
873.0	0.008062895915919212	0.025065079529370395
874.0	0.00795913168645844	0.024574847157900717
875.0	0.007862365473295729	0.02409635508807487
876.0	0.007740165216049405	0.023567220061513412
877.0	0.007613438662000099	0.02302441764513481
878.0	0.0074963394826440865	0.022495096163650342
879.0	0.007388243517597093	0.02197856584748918
880.0	0.007288560775715715	0.021474168779357688
881.0	0.007196737347058701	0.020981269367864836
882.0	0.007112258466072428	0.02049924754320826
883.0	0.007034652318869146	0.020027494230029416
884.0	0.006963494513664895	0.019565409001651973
885.0	0.006898412975331446	0.01911240023251824
886.0	0.006839092516201812	0.01866788814170329
887.0	0.0067852778560899855	0.018231310685963707
888.0	0.006736773812381223	0.017802131474627947
889.0	0.006693441923702099	0.017379848152690773
890.0	0.006655193723387327	0.01696399945319327
891.0	0.006621981807223794	0.016554169519307924
892.0	0.0065937903305068706	0.016149988951610895
893.0	0.006570626470660325	0.015751132947362207
894.0	0.006552513854300282	0.015357317511846944
895.0	0.006539488274477852	0.01496829490130764
896.0	0.006531595476517473	0.014583849284348013
897.0	0.006528890486606279	0.014203793266824362
898.0	0.006531437879688756	0.013827965579630296
899.0	0.0065393124495792924	0.01345622997031893
900.0	0.006552599868232598	0.013088475188355575
901.0	0.006571397043901313	0.012724615888865237
902.0	0.006595811981727156	0.012364594267280964
903.0	0.006625963009679102	0.012008382247513993
904.0	0.006661977263778486	0.011655984058697434
905.0	0.007149080476627341	0.011222119740671254
906.0	0.007852820048751916	0.010768106507740008
907.0	0.008524131093046958	0.010343600442506037
908.0	0.009162007153494568	0.00994647528253939
909.0	0.009766246922390769	0.00957419483650056
910.0	0.010337358039857575	0.009224110063612106
911.0	0.01087640371539546	0.00889366360289727
912.0	0.011384838784477247	0.008580508268240646
913.0	0.011864362947400875	0.008282560126904884
914.0	0.012316802812876022	0.007998008582880706
915.0	0.012744024104073158	0.007725301788878098
916.0	0.013147870306996086	0.007463120175740886
917.0	0.013530122347145547	0.007210346057034479
918.0	0.013892473969531659	0.0069660337597159975
919.0	0.014236518322323755	0.006729382457835449
920.0	0.014563742239687658	0.00649971253402453
921.0	0.014875525629521717	0.006276445554280481
922.0	0.015173144111296829	0.006059087578820039
923.0	0.015457773612377075	0.005847215385673168
924.0	0.015730496043291683	0.0056404651540859895
925.0	0.01599230546606043	0.005438523182433341
926.0	0.016244114374927315	0.0052411182668777945
927.0	0.016486759850194325	0.005048015424710966
928.0	0.016721009441876825	0.004859010701459582
929.0	0.01694756670426757	0.004673926849687084
930.0	0.01716707634495386	0.004492609708884724
931.0	0.017380128979260903	0.004314925150121214
932.0	0.01758726549828931	0.004140756476982358
933.0	0.01778898106899771	0.0039700021967254565
934.0	0.017985728790442336	0.003802574093446517
935.0	0.01817792303289816	0.0036383955492474396
936.0	0.018351848389436713	0.0035475515633981306
937.0	0.01849438546543485	0.003607021571716947
938.0	0.018637134560926204	0.0036648250441823327
939.0	0.018780037088238274	0.0037209515051692594
940.0	0.01892303560994659	0.003775393512061475
941.0	0.01906607391450338	0.0038281465128478243
942.0	0.019209097084012028	0.0038792087052937725
943.0	0.019352051554522975	0.0039285808980035215
944.0	0.019494885169220332	0.003976266373646071
945.0	0.01963754722485884	0.004022270754580534
946.0	0.019779988511801	0.004066601871083024
947.0	0.019922161347992486	0.004109269632347765
948.0	0.020064019607202253	0.004150285900409498
949.0	0.02020551874184238	0.004189664367111539
950.0	0.020346615800670542	0.004227420434224066
951.0	0.020487269441666702	0.004263571096799394
952.0	0.020627439940364513	0.004298134829836146
953.0	0.02076708919390816	0.004331131478309966
954.0	0.020906180721094687	0.004362582150616636
955.0	0.0210446796586517	0.004392509115462489
956.0	0.02118255275399426	0.0044209357022268435
957.0	0.021319768354692657	0.004447886204812809
958.0	0.02145629639487796	0.004473385788993697
959.0	0.02159210837880263	0.00449746040325557
960.0	0.021727177361767734	0.004520136693128455
961.0	0.021861477928619887	0.004541441918992405
962.0	0.021994986170015864	0.004561403877338567
963.0	0.022127679656645482	0.0045800508254584815
964.0	0.022259537411596666	0.004597411409530013
965.0	0.02238939906389505	0.0046182152646887485
966.0	0.022509470858620984	0.004677100596036506
967.0	0.022629850951104112	0.004734416904039555
968.0	0.022750504421798885	0.004790158956033414
969.0	0.02287139616811124	0.004844322896666167
970.0	0.02299249097164596	0.004896906238192517
971.0	0.023113753563866777	0.004947907847918852
972.0	0.023235148690070283	0.004997327932907567
973.0	0.023356641171577323	0.005045168022053135
974.0	0.02347819596605298	0.005091430945645583
975.0	0.023599778225870675	0.0051361208125391515
976.0	0.023721353354441508	0.005179242985048341
977.0	0.023842887060436923	0.005220804051694747
978.0	0.023964345409837266	0.005260811797931142
979.0	0.024085694875746164	0.00529927517497231
980.0	0.024206902385917127	0.005336204266862237
981.0	0.024327935367944073	0.005371610255910716
982.0	0.024448761792075977	0.005405505386632795
983.0	0.02456935021162109	0.005437902928325613
984.0	0.02468966980091432	0.005468817136417364
985.0	0.024809690390827525	0.005498263212724814
986.0	0.024929382501810225	0.0055262572647532164
987.0	0.025048717374454566	0.005552816264173831
988.0	0.025167666997586293	0.005577958004612572
989.0	0.02528620413388972	0.0056017010588808955
990.0	0.0254043023430818	0.005624064735779393
991.0	0.02552193600265759	0.005645069036602386
992.0	0.025639080326235086	0.005664734611465941
993.0	0.02575571137953473	0.00568308271558413
994.0	0.02587180609403439	0.005700135165608495
995.0	0.025987342278346356	0.00571591429614682
996.0	0.026102298627369586	0.005730442916569753
997.0	0.02618898394255129	0.0057516125289863475
998.0	0.026262639764490746	0.0057759009268232245
999.0	0.02633634230474818	0.005799741731872779
1000.0	0.026410085847893824	0.0058231357510369255
