2021-11-30T22:59:08.897
Frequency Re(k) Im(k)
NG = 100, Rad = 13.0, (φ, θ) = (90.0,0.0), polydegs = (2, 2), material: Ag
1000.0	0.028981313539181132	0.012181885087187027
999.0	0.028879037555624407	0.012101755329352839
998.0	0.028777138858845423	0.012021211218046248
997.0	0.028675620150782274	0.011940256082944831
996.0	0.028548052034646915	0.011855810001641126
995.0	0.02836444876846588	0.01176356036000665
994.0	0.028181166859441543	0.01166966135326226
993.0	0.027998229639674497	0.011574118249966167
992.0	0.027815660229806412	0.011476936819273205
991.0	0.027633481526784392	0.011378123324920655
990.0	0.027451716191951872	0.011277684519087117
989.0	0.02727038663946163	0.011175627636155004
988.0	0.027089515025004125	0.011071960386409218
987.0	0.026909123234843933	0.010966690949704391
986.0	0.026729232875151276	0.010859827969132565
985.0	0.026549865261616255	0.010751380544724371
984.0	0.026371041409328656	0.01064135822721571
983.0	0.02619278202290356	0.010529771011911911
982.0	0.02601510748683151	0.010416629332681315
981.0	0.025838037856026903	0.010301944056109562
980.0	0.025661592846546743	0.0101857264758445
979.0	0.02548579182644808	0.010067988307162034
978.0	0.0253106538067495	0.009948741681780789
977.0	0.02513619743245758	0.009827999142952938
976.0	0.024962440973617557	0.009705773640857196
975.0	0.024789402316342093	0.009582078528317035
974.0	0.024617098953769442	0.009456927556866548
973.0	0.024445547976898747	0.009330334873183122
972.0	0.024274766065244993	0.009202315015903234
971.0	0.024104769477254376	0.009072882912835502
970.0	0.023935574040415603	0.008942053878580748
969.0	0.023767195140998836	0.008809843612565416
968.0	0.023599647713351456	0.00867626819749086
967.0	0.02343294622867403	0.008541344098195031
966.0	0.023267104683198328	0.008405088160919698
965.0	0.023102136585684035	0.00826751761296878
964.0	0.022906038348126583	0.008191013911866067
963.0	0.022705871896564457	0.00812049323776335
962.0	0.022505403382467922	0.00804851995770456
961.0	0.022304654624332135	0.007975088482919088
960.0	0.022103647877394227	0.007900193746655088
959.0	0.021902405841160676	0.00782383121987411
958.0	0.02170095166790095	0.007745996927610516
957.0	0.021499308972182506	0.007666687466094496
956.0	0.021297501841525346	0.00758590002074926
955.0	0.021095554848253147	0.007503632385184543
954.0	0.020893493062620633	0.007419882981322462
953.0	0.02069134206729628	0.00733465088080615
952.0	0.02048912797327882	0.0072479358278571375
951.0	0.0202868774373246	0.007159738263764168
950.0	0.02008461768096171	0.007070059353205318
949.0	0.019882376511161353	0.0069789010126237805
948.0	0.01968018234273474	0.006886265940900107
947.0	0.01947806422251566	0.006792157652585681
946.0	0.01927605185538272	0.0066965805139875085
945.0	0.019074175632163615	0.0065995397824196176
944.0	0.018872466659453527	0.006501041648965427
943.0	0.018670956791363866	0.006401093285124581
942.0	0.0184696786631997	0.006299702893749457
941.0	0.018268665727043765	0.006196879764710158
940.0	0.018067952289198917	0.00609263433576188
939.0	0.017867573549411687	0.005986978259125376
938.0	0.01766756564176399	0.0058799244743293734
937.0	0.017467965677080637	0.005771487287903868
936.0	0.017268811786651496	0.005661682460553206
935.0	0.017000791341662096	0.005778526590974361
934.0	0.016697129437700083	0.006003270719946244
933.0	0.016389237258285044	0.0062300660010708
932.0	0.016076837493354548	0.006458930842186516
931.0	0.015759638702546052	0.006689897272142678
930.0	0.015437335969468176	0.006923013073151748
929.0	0.015109611897465586	0.007158344093334415
928.0	0.014776138019709336	0.0073959767290351025
927.0	0.01443657670761837	0.007636020554820947
926.0	0.014090583672804803	0.007878611063011945
925.0	0.013737811167833567	0.008123912453068866
924.0	0.013377911998338312	0.008372120383176432
923.0	0.013010544460833915	0.008623464561145442
922.0	0.012635378313241345	0.008878211009222292
921.0	0.012252101863838086	0.009136663788703838
920.0	0.011860430223061358	0.009399165918736822
919.0	0.011460114694629521	0.009666099175989089
918.0	0.011050953181448291	0.009937882429398803
917.0	0.01063280134372028	0.010214968164386039
916.0	0.010205584072946387	0.010497836908115938
915.0	0.009769306646968191	0.010786989412434868
914.0	0.009324064732478958	0.011082936718711071
913.0	0.008870052243803024	0.011386188652575928
912.0	0.008407566006551969	0.011697241902357217
911.0	0.007937006274399184	0.012016569636533648
910.0	0.007458872455984172	0.012344615619803967
909.0	0.006973753934959717	0.012681797021430163
908.0	0.006482316543265325	0.013028521682433312
907.0	0.005985285899250482	0.013385227818813612
906.0	0.005483429094453674	0.013752457628293163
905.0	0.004977535327322716	0.014130982193525484
904.0	0.004644655743972939	0.014470925572321797
903.0	0.0046379134846430276	0.014720863099853177
902.0	0.004633524120072051	0.014970617045266758
901.0	0.004631492509900807	0.015219982486017355
900.0	0.004631798247076794	0.015468717393003317
899.0	0.0046343838623479966	0.015716540428987166
898.0	0.004639139811646577	0.01596313101689382
897.0	0.004645886131414962	0.016208133322220625
896.0	0.004654351277781315	0.016451166268749363
895.0	0.004664149677911461	0.01669184202395339
894.0	0.004674760951079553	0.01692979530952183
893.0	0.004685515505106794	0.01716472506906209
892.0	0.004695592928229212	0.017396448073303355
891.0	0.004704040563683854	0.0176249607183248
890.0	0.004709818825752618	0.01785050079254626
889.0	0.004711876125675005	0.018073596396689158
888.0	0.004709249333532532	0.018295086488784973
887.0	0.004701176653390439	0.018516099121637285
886.0	0.004687201706143831	0.01873798088906267
885.0	0.004667244640261358	0.018962183456121277
884.0	0.004641621210704493	0.019190126257168347
883.0	0.004611003428756763	0.019423062808964258
882.0	0.004576330973273382	0.019661977465533956
881.0	0.004538694664717437	0.019907529961427674
880.0	0.004499217418872815	0.02016005113745035
879.0	0.0044589538984028875	0.020419580709870277
878.0	0.00441882088862923	0.020685930928342214
877.0	0.004379560682305398	0.020958759235825773
876.0	0.004341732662846895	0.02123763673623701
875.0	0.004303425443008558	0.02150607345627686
874.0	0.0042613364107630565	0.021742485169629903
873.0	0.004220451897011141	0.021982407591086467
872.0	0.004180831310277076	0.02222562742829492
871.0	0.0041424907117539244	0.022471954038052168
870.0	0.004105411639385735	0.02272122286329232
869.0	0.004069548846463413	0.022973296884820665
868.0	0.004034836786148028	0.02322806671726947
867.0	0.004001194832956045	0.023485449879953126
866.0	0.003968531330863193	0.023745389670824128
865.0	0.003936746612605759	0.024007853981808238
864.0	0.003905735162505693	0.02427283432435767
863.0	0.0038753871102716955	0.024540345287668387
862.0	0.0038455892585850023	0.02481042462820842
861.0	0.003816225875224213	0.02508313418552571
860.0	0.003787179534602922	0.02535856183138261
859.0	0.0037583323908599283	0.02563682467923908
858.0	0.003729568427706634	0.02591807379408685
857.0	0.0037007774892863893	0.026202500619423006
856.0	0.0036718622886753303	0.02649034522243056
855.0	0.0036427501536959463	0.026781906144762047
854.0	0.0036134120166658613	0.027077550946011972
853.0	0.003583892012308766	0.02737772512192015
852.0	0.003554351716086699	0.027682954480205503
851.0	0.0035251327243716337	0.027993831626768197
850.0	0.0034968381353315966	0.028310970432490267
849.0	0.0034704240363058105	0.028634903723470006
848.0	0.003447270771934899	0.028965892873729884
847.0	0.0034291648638210227	0.029303625698956275
846.0	0.003420453356433816	0.02960678684373581
845.0	0.003421103228297534	0.02985038091030177
844.0	0.0034265053243586027	0.03009414350585974
843.0	0.0034362367391226794	0.03033652037104071
842.0	0.0034491718714841977	0.030576099679473355
841.0	0.0034635726459210565	0.030811986400589218
840.0	0.003477407631927272	0.03104408560708815
839.0	0.003488793425916029	0.03127314827911765
838.0	0.003496369986628358	0.03150055714942536
837.0	0.0034994711567109104	0.03172797000052846
836.0	0.0034980793980223914	0.03195698012105628
835.0	0.0034926482833274705	0.032188894443893654
834.0	0.003483891645062213	0.03242464598655005
833.0	0.003472604392083855	0.032664806301916254
832.0	0.0034595398333216528	0.03290965187082974
831.0	0.003445342068398956	0.0331592476978387
830.0	0.0034305205621586315	0.03341352579177987
829.0	0.003415451964217594	0.03367234825234441
828.0	0.0034003965704734497	0.03393555254974747
827.0	0.0033855204851137456	0.03420298080364648
826.0	0.0033709179954538094	0.03447449654952149
825.0	0.0033566313225817388	0.03474999266566381
824.0	0.0033426666733317855	0.03502939359670403
823.0	0.0033290065425428325	0.03531265424252185
822.0	0.0033156187152889407	0.03559975714760977
821.0	0.00330246259466914	0.035890709033883465
820.0	0.0032894934795837734	0.03618553728964637
819.0	0.0032766653349739303	0.03648428673820189
818.0	0.003263932490019086	0.03678701682795505
817.0	0.0032512505961877613	0.037093799279434
816.0	0.003238577088738979	0.03740471616751174
815.0	0.0032258713252801764	0.03771985839042469
814.0	0.0032222631016227167	0.03799879200830742
813.0	0.0032200738928323015	0.038275372891751765
812.0	0.0032179880485869836	0.03855541261115938
811.0	0.0032159889006616914	0.03883899217295808
810.0	0.0032140606517380506	0.039126195699629454
809.0	0.0032121882079991244	0.03941711029682393
808.0	0.0032103570217875206	0.039711825961920744
807.0	0.003208552944795786	0.04001043552539526
806.0	0.003206762091541265	0.04031303461802184
805.0	0.0032049707124429364	0.0406197216582603
804.0	0.003203165075580696	0.04093059785524551
803.0	0.003201331356107464	0.04124576722364514
802.0	0.0031994555322560187	0.04156533660730223
801.0	0.0031975232869094457	0.04188941570910436
800.0	0.003195519913760076	0.04221811712490717
799.0	0.0031934302271574714	0.04255155637964694
798.0	0.0031912384748281476	0.042889851963983185
797.0	0.0031889282527391752	0.043233125369985144
796.0	0.003186482421462495	0.04358150112446268
795.0	0.0031838830234844763	0.043935106818615136
794.0	0.003181111200988443	0.0442940731326907
793.0	0.003178147113719997	0.04465853385434836
792.0	0.0031749698566259643	0.045028625889383424
791.0	0.0031715573770382663	0.045404489263426724
790.0	0.0031678863912563454	0.045786267113164504
789.0	0.0031639323004643903	0.046174105665537396
788.0	0.0031596691060071626	0.04656815420328125
787.0	0.003155069324140455	0.04696856501507215
786.0	0.0031501039004680344	0.04737549332841228
785.0	0.003176894740393716	0.04772811148335984
784.0	0.0032110245208133823	0.048072928204565976
783.0	0.0032457979863201158	0.04842277173492312
782.0	0.0032812215121963283	0.0487777519884992
781.0	0.003317300854227374	0.04913798082886658
780.0	0.0033540410654879257	0.04950357202660268
779.0	0.0033914464068658156	0.04987464120610063
778.0	0.003429520251042111	0.05025130578068474
777.0	0.0034682649796831727	0.05063368487495307
776.0	0.003507681873664227	0.05102189923323342
775.0	0.003547770996239968	0.0514160711129808
774.0	0.0035885310692332483	0.05181632416190473
773.0	0.0036299593425442186	0.05222278327750602
772.0	0.0036720514576291607	0.05263557444753822
771.0	0.003714801306032895	0.05305482456945679
770.0	0.0037582008844663614	0.053480661246061836
769.0	0.0038022401478344683	0.053913212552950666
768.0	0.0038469068600525086	0.05435260677125179
767.0	0.003892186438042303	0.05479897207777825
766.0	0.003938061776942611	0.055252436188116386
765.0	0.003984513039726476	0.05571312596096243
764.0	0.004031517404729648	0.0561811669913265
763.0	0.004079048796410909	0.05665668322519171
762.0	0.0041270776534464496	0.057139796596164694
761.0	0.004175570772030143	0.05763062663529279
760.0	0.004224491206735995	0.058129289995579286
759.0	0.004273798177688693	0.058635899875996864
758.0	0.004323446951080531	0.059150565373746355
757.0	0.0043733886963280965	0.05967339079973237
756.0	0.004423570341249131	0.06020447497439388
755.0	0.004473934444906217	0.060743910505149816
754.0	0.004524322531551247	0.06129062782934342
753.0	0.0045746113356081265	0.06184395883555041
752.0	0.004624885739959431	0.06240579710453114
751.0	0.004675071417535473	0.06297620248175106
750.0	0.004725089649207405	0.06355522486351102
749.0	0.004774857433079533	0.0641429033730778
748.0	0.004824287645322925	0.06473926553489268
747.0	0.004873289255982492	0.06534432645560714
746.0	0.004921767602744388	0.06595808802167975
745.0	0.004969624724984232	0.06658053812409562
744.0	0.005016759759545821	0.06721164992157952
743.0	0.005063069398645195	0.06785138115425288
742.0	0.0051084484090723106	0.06849967352013528
741.0	0.005152790210500102	0.06915645212709315
740.0	0.005195987509228974	0.06982162503273673
739.0	0.005237932982158934	0.07049508288442036
738.0	0.005278520004201988	0.07117669867074383
737.0	0.005317643410814346	0.0718663275949197
736.0	0.005355200285885788	0.07256380707889125
735.0	0.005391090763928723	0.07326895690536815
734.0	0.0054252188344445056	0.07398157950280902
733.0	0.0054574931355512385	0.07470146037604287
732.0	0.005487827723498257	0.07542836868263358
731.0	0.005516142804605173	0.07616205795237427
730.0	0.005542365416459474	0.07690226694454522
729.0	0.0055664300459345355	0.07764872063482126
728.0	0.005588279172677648	0.07840113132113853
727.0	0.005607863728194122	0.07915919983546463
726.0	0.005625143462449579	0.07992261684633689
725.0	0.0056258133316466835	0.08064375900852586
724.0	0.005599378790323391	0.08128578973402627
723.0	0.005571068965990706	0.08193121759458556
722.0	0.005540909471501176	0.08257985392523191
721.0	0.005508930608113355	0.08323150832221485
720.0	0.005475167160668161	0.08388598920585139
719.0	0.0054396581641107415	0.08454310437247982
718.0	0.0054024466446872775	0.08520266153153559
717.0	0.005363579339325027	0.08586446882419388
716.0	0.005323106396934089	0.0865283353204109
715.0	0.005281081065403191	0.0871940714916481
714.0	0.005237559368092425	0.08786148965703844
713.0	0.0051925997735494875	0.08853040440117044
712.0	0.005146262862080314	0.08920063296213107
711.0	0.00509861099259385	0.08987199558887551
710.0	0.005049707972941623	0.09054431586736102
709.0	0.004999618736687678	0.09121742101530049
708.0	0.0049484090289847035	0.0918911421456669
707.0	0.004896145103874524	0.09256531449942798
706.0	0.004842893435050481	0.09323977764822074
705.0	0.004788720441783042	0.09391437566790133
704.0	0.004733692231368912	0.09458895728410924
703.0	0.004677874359152404	0.09526337599110467
702.0	0.004621331606899208	0.0959374901452751
701.0	0.004564127780000006	0.09661116303478666
700.0	0.004506325523719631	0.09728426292689908
699.0	0.004447986158462862	0.09795666309452791
698.0	0.004389169533853318	0.09862824182359788
697.0	0.004329933901218906	0.09929888240277028
696.0	0.004286183263661656	0.09993567593226389
695.0	0.0042676428806322445	0.10051868973762312
694.0	0.004248654115207971	0.10110109083030384
693.0	0.004229241142087696	0.10168280544808653
692.0	0.004209427777912	0.10226376264995261
691.0	0.004189237438936754	0.10284389429650363
690.0	0.004168693103106425	0.10342313502425202
689.0	0.004147817276465326	0.10400142221436681
688.0	0.004126631963668518	0.1045786959563531
687.0	0.0041051586424703775	0.10515489900723698
686.0	0.004083418241977419	0.10572997674670541
685.0	0.004061431124504271	0.10630387712870604
684.0	0.00403921707077656	0.10687655062992531
683.0	0.004016795268334082	0.10744795019558946
682.0	0.003994184302843483	0.10801803118299189
681.0	0.003971402152224376	0.1085867513030966
680.0	0.0039484661832573905	0.10915407056060017
679.0	0.003925393150568372	0.10971995119275438
678.0	0.0039021991977307145	0.1102843576072573
677.0	0.0038788998603246183	0.11084725631950708
676.0	0.003855510070724056	0.11140861588944077
675.0	0.0038320441645201373	0.11196840685823733
674.0	0.003808515888313827	0.11252660168504029
673.0	0.00378493840875429	0.11308317468396
672.0	0.003761324322705431	0.11363810196146769
671.0	0.0037376856683518957	0.11419136135437556
670.0	0.0037140339371077398	0.11474293236853261
669.0	0.0036903800862576825	0.11529279611834384
668.0	0.0036667345521568446	0.11584093526724294
667.0	0.003643107263890692	0.11638733396920274
666.0	0.0036195076573422038	0.1169319778113633
665.0	0.003595944689528719	0.11747485375784326
664.0	0.0035964975996495524	0.1180586044414446
663.0	0.0036002266013745485	0.11864613602978215
662.0	0.003603705902733544	0.11923135297400018
661.0	0.0036069453048182426	0.11981424727874172
660.0	0.0036099543123384644	0.12039481254215621
659.0	0.0036127421368489375	0.12097304387602957
658.0	0.0036153177005720364	0.12154893782865533
657.0	0.0036176896407444383	0.12212249231044549
656.0	0.003619866314435734	0.12269370652226239
655.0	0.0036218558037281437	0.12326258088643234
654.0	0.0036236659212440926	0.12382911698043834
653.0	0.0036253042159410708	0.12439331747321349
652.0	0.0036267779791160646	0.12495518606403191
651.0	0.0036280942505957747	0.12551472742389222
650.0	0.003629259825065318	0.1260719471393813
649.0	0.0036302812584724244	0.12662685165893683
648.0	0.0036311648745151787	0.12717944824143557
647.0	0.0036319167711634393	0.1277297449070655
646.0	0.003632542827152834	0.1282777503903921
645.0	0.0036330487085144054	0.12882347409555747
644.0	0.0036334398750181287	0.12936692605355016
643.0	0.003633721586584192	0.1299081168814594
642.0	0.0036338989096162165	0.1304470577436486
641.0	0.003633976723245582	0.13098376031479878
640.0	0.0036339597254781584	0.13151823674471905
639.0	0.003633852439233954	0.13205049962488208
638.0	0.0036336592182676947	0.13258056195659915
637.0	0.003633384252961655	0.1331084371207922
636.0	0.003633031575998963	0.13363413884927655
635.0	0.0036105651401234355	0.1340947423895385
634.0	0.003587386651969664	0.13455139396933619
633.0	0.0035643730410821	0.13500660455971522
632.0	0.003541524579324254	0.13546038166135393
631.0	0.00351884144620371	0.13591273294656828
630.0	0.0034963237337205266	0.1363636662489559
629.0	0.003473971450997796	0.13681318955347724
628.0	0.0034517845287419515	0.13726131098693217
627.0	0.003429762823496983	0.13770803880886737
626.0	0.003407906121738578	0.1381533814028463
625.0	0.003386214143767398	0.1385973472680993
624.0	0.003364686547463633	0.13903994501153602
623.0	0.0033433229318620525	0.139481183340109
622.0	0.003322122840572084	0.13992107105348703
621.0	0.003301085765058813	0.14035961703708222
620.0	0.003280211147757689	0.14079683025536616
619.0	0.0032594983850786703	0.14123271974548327
618.0	0.003238946830248861	0.14166729461116417
617.0	0.003218555796038225	0.1421005640169077
616.0	0.0031983245573662385	0.14253253718242045
615.0	0.003178252353777436	0.14296322337732237
614.0	0.003158338391811248	0.14339263191610005
613.0	0.003138581847257974	0.14382077215328518
612.0	0.0031189818673083578	0.14424765347886484
611.0	0.0030995375726068216	0.14467328531391008
610.0	0.0030802480592023013	0.14509767710642257
609.0	0.0030611124004059054	0.1455208383273589
608.0	0.0030421296485649172	0.14594277846687984
607.0	0.003023298836745621	0.14636350703075224
606.0	0.0030046189803357762	0.14678303353696517
605.0	0.0029860890785712788	0.14720136751248059
604.0	0.0029676002625552847	0.1476210819325092
603.0	0.0029491714450617015	0.14804175469055064
602.0	0.0029308935539344846	0.14846122121979116
601.0	0.0029127654782713282	0.1488794915500478
600.0	0.00289478609769643	0.14929657570253047
599.0	0.0028769542835400267	0.14971248368741596
598.0	0.0028592688999494976	0.15012722550154617
597.0	0.0028417288049405083	0.15054081112627968
596.0	0.0028243328514001194	0.15095325052545736
595.0	0.002807079888026498	0.1513645536434856
594.0	0.0027899687602244714	0.15177473040353887
593.0	0.0027729983109491567	0.15218379070588278
592.0	0.0027561673815037335	0.1525917444262807
591.0	0.0027394748122914585	0.15299860141453098
590.0	0.002722919443529535	0.15340437149306962
589.0	0.002706500115916626	0.15380906445569179
588.0	0.002690215671266768	0.1542126900663475
587.0	0.002674064953105566	0.15461525805803605
586.0	0.0026580468072282216	0.1550167781317661
585.0	0.0026421600822306105	0.15541725995561115
584.0	0.0026264036300020915	0.15581671316381157
583.0	0.002610776306192707	0.15621514735599384
582.0	0.0025952769706507725	0.15661257209640886
581.0	0.002579904487830625	0.1570089969132805
580.0	0.002564657727178585	0.15740443129817022
579.0	0.002549535563491269	0.15779888470545336
578.0	0.0025345368772514937	0.15819236655180927
577.0	0.002519660554941359	0.15858488621578384
576.0	0.0025049054893345707	0.1589764530374245
575.0	0.002498677049824533	0.15937257805366056
574.0	0.0024999873229834602	0.15977262087248548
573.0	0.002501286433931744	0.1601716491763444
572.0	0.0025025749076919034	0.16056967326037
571.0	0.002503853259086167	0.1609667033681
570.0	0.0025051219930712727	0.16136274969144507
569.0	0.002506381605067277	0.16175782237064007
568.0	0.00250763258127207	0.16215193149426313
567.0	0.0025088753989714026	0.16254508709929932
566.0	0.002510110526839979	0.16293729917124225
565.0	0.0025113384252366112	0.16332857764423866
564.0	0.0025125595464861425	0.16371893240125554
563.0	0.0025137743351609527	0.16410837327429048
562.0	0.00251498322835386	0.16449691004462105
561.0	0.0025161866559393837	0.16488455244307865
560.0	0.0025173850408365004	0.16527131015035842
559.0	0.0025185787992582274	0.16565719279733743
558.0	0.002519768340958505	0.1660422099654696
557.0	0.002520954069473226	0.16642637118712938
556.0	0.0025221363823559263	0.16680968594606646
555.0	0.002523315671404717	0.16719216367781461
554.0	0.002524492322890453	0.16757381377016617
553.0	0.002525666717772743	0.16795464556364795
552.0	0.0025268392319169985	0.1683346683520238
551.0	0.0025280102363032762	0.16871389138281717
550.0	0.0025291800972322698	0.16909232385785625
549.0	0.0025303491765264145	0.1694699749338233
548.0	0.002531517831729172	0.16984685372284763
547.0	0.002532686416294302	0.17022296929307432
546.0	0.002521724943924418	0.17057136649660987
545.0	0.0024970963090409815	0.17088868149520145
544.0	0.0024726171379379587	0.17120565047386643
543.0	0.002448286185703571	0.17152227787936053
542.0	0.0024241022163004914	0.17183856815931167
541.0	0.0024000640025367294	0.17215452576237775
540.0	0.002376170326030681	0.17247015513839783
539.0	0.0023524199771754596	0.17278546073855033
538.0	0.002328811755102205	0.1731004470155755
537.0	0.0023053444676364066	0.1734151184239113
536.0	0.0022820169312556707	0.1737294794199231
535.0	0.0022588279710434186	0.17404353446209145
534.0	0.002235776420640902	0.17435728801122316
533.0	0.0022128611221967046	0.17467074453067621
532.0	0.0021900809263138967	0.17498390848656914
531.0	0.0021674346919970896	0.1752967843480357
530.0	0.0021449212865949333	0.17560937658746403
529.0	0.00212253958574208	0.17592168968072064
528.0	0.0021002884733006084	0.17623372810743757
527.0	0.0020781668412967807	0.1765454963512607
526.0	0.00205617358985992	0.17685699890013157
525.0	0.002034307627155836	0.17716824024655115
524.0	0.002012567869322888	0.17747922488789217
523.0	0.001990953240402116	0.17778995732666653
522.0	0.0019694626722708817	0.17810044207086065
521.0	0.0019480951045708144	0.17841068363422272
520.0	0.0019268494846369254	0.1787206865365851
519.0	0.0019057247674251004	0.17903045530420203
518.0	0.0018847199154384937	0.17933999447008836
517.0	0.0018638338986517655	0.17964930857433337
516.0	0.0018430656944358427	0.1799584021644966
515.0	0.0018228624854698529	0.18026756465573604
514.0	0.001826072503885614	0.1805913176225446
513.0	0.0018292743494594931	0.18091477548316293
512.0	0.001832468349068824	0.18123794379645075
511.0	0.0018356548292756886	0.18156082812353208
510.0	0.0018388341164159267	0.18188343402835605
509.0	0.001842006536686133	0.18220576707821928
508.0	0.0018451724162325297	0.18252783284433183
507.0	0.0018483320812390154	0.18284963690235123
506.0	0.0018514858580178984	0.18317118483297842
505.0	0.0018546340730993616	0.18349248222251707
504.0	0.0018577770533224648	0.18381353466346925
503.0	0.0018609151259278468	0.1841343477551341
502.0	0.0018640486186504044	0.18445492710422579
501.0	0.00186717785981152	0.1847752783254773
500.0	0.001870303178415642	0.18509540704228644
499.0	0.0018734249042446304	0.18541531888735424
498.0	0.001876543367954614	0.18573501950332838
497.0	0.0018796589011742487	0.1860545145434805
496.0	0.0018827718366032748	0.18637380967239242
495.0	0.0018858825081129315	0.18669291056661946
494.0	0.0018889912508472505	0.1870118229154089
493.0	0.0018920984013265662	0.18733055242141533
492.0	0.0018952042975500522	0.18764910480141345
491.0	0.0018983092791032212	0.18796748578704928
490.0	0.00190141368726455	0.18828570112559317
489.0	0.0019045178651141115	0.18860375658069714
488.0	0.0019076221576440782	0.18892165793318047
487.0	0.001910726911871267	0.18923941098183525
486.0	0.0019129163650536555	0.18955569128215424
485.0	0.0018956358002572451	0.18984357092883464
484.0	0.0018784381669621824	0.19013145623333474
483.0	0.0018613228360088681	0.1904193514700349
482.0	0.0018442891815591657	0.19070726094044138
481.0	0.00182733658103747	0.19099518897376142
480.0	0.0018104644150744242	0.19128313992755855
479.0	0.0017936720674489994	0.19157111818840528
478.0	0.0017769589250290095	0.19185912817251863
477.0	0.0017603243777121072	0.19214717432646622
476.0	0.0017437678183654325	0.19243526112783366
475.0	0.0017272886427631732	0.19272339308592176
474.0	0.0017108862495261753	0.19301157474250338
473.0	0.0016945600400582199	0.1932998106725295
472.0	0.0016783094184820173	0.19358810548489067
471.0	0.0016621337915753438	0.19387646382320256
470.0	0.0016460325687032882	0.19416489036654147
469.0	0.0016300051617554108	0.19445338983033708
468.0	0.0016140509850745156	0.1947419669671108
467.0	0.0015981694553899753	0.19503062656736392
466.0	0.001582359991748948	0.19531937346043815
465.0	0.0015666220154424188	0.19560821251536595
464.0	0.0015509549499381106	0.1958971486418165
463.0	0.0015353582208036723	0.1961861867909768
462.0	0.0015198312556346412	0.19647533195652386
461.0	0.0015043734839788488	0.19676458917556502
460.0	0.0014889843372593535	0.19705396352965168
459.0	0.001473663248697894	0.19734346014576493
458.0	0.0014584096532352315	0.1976330841973827
457.0	0.0014432229874495647	0.19792284090549428
456.0	0.0014281026894762006	0.19821273553971172
455.0	0.0014130481989242031	0.19850277341940203
454.0	0.0013982880814235176	0.1987961808969871
453.0	0.0013837626782181687	0.19909210457885304
452.0	0.0013693025760100962	0.19938816905603823
451.0	0.0013549072060746543	0.19968438014258327
450.0	0.001340576001237355	0.199980743709342
449.0	0.0013263083957752184	0.20027726568529272
448.0	0.0013121038253236133	0.200573952058965
447.0	0.0012979617267778892	0.20087080887986675
446.0	0.0012838815381914714	0.20116784225989143
445.0	0.0012698626986773374	0.20146505837488368
444.0	0.0012559046483003541	0.20176246346611443
443.0	0.0012420068279754219	0.20206006384188768
442.0	0.001228168679356597	0.20235786587913268
441.0	0.001214389644727892	0.20265587602506627
440.0	0.0012006691668900102	0.20295410079886272
439.0	0.0011870066890474896	0.2032525467934415
438.0	0.0011734016546876276	0.2035512206771866
437.0	0.0011598535074641332	0.2038501291958226
436.0	0.001146361691072101	0.20414927917428616
435.0	0.00113292564912187	0.20444867751859774
434.0	0.0011195448250127743	0.20474833121791552
433.0	0.0011062186617989012	0.20504824734649163
432.0	0.0010929466020572721	0.20534843306583603
431.0	0.0010797280877464766	0.2056488956267452
430.0	0.0010665625600676813	0.20594964237161928
429.0	0.0010534494593185256	0.20625068073660738
428.0	0.0010403882247448446	0.20655201825400413
427.0	0.0010273782943868621	0.20685366255457696
426.0	0.0010144191049248033	0.2071556213700316
425.0	0.001002150997300007	0.20745691406332784
424.0	0.0009904771816374844	0.20775769586416498
423.0	0.0009788489053027406	0.20805881997176107
422.0	0.0009672656805788226	0.20836029443903348
421.0	0.000955727018237118	0.20866212743179274
420.0	0.0009442324273912175	0.2089643272316656
419.0	0.0009327814153426121	0.2092669022389472
418.0	0.000921373487422502	0.20956986097563077
417.0	0.0009100081468319742	0.2098732120885153
416.0	0.0008986848944714742	0.2101769643523168
415.0	0.00088740322877307	0.21048112667301758
414.0	0.0008761626455205814	0.21078570809118063
413.0	0.0008649626376680366	0.21109071778545643
412.0	0.0008538026951503056	0.21139616507606124
411.0	0.0008426823046918192	0.21170205942860335
410.0	0.0008316009496031875	0.2120084104577322
409.0	0.0008205581095764249	0.21231522793109103
408.0	0.0008095532604710611	0.21262252177333868
407.0	0.0007985858740937519	0.21293030207029084
406.0	0.0007876554179709433	0.2132385790731892
405.0	0.0007767613551135914	0.21354736320310264
404.0	0.0007659031437738365	0.21385666505542955
403.0	0.000755080237193159	0.21416649540464605
402.0	0.0007442920833435577	0.2144768652090936
401.0	0.000733538124656712	0.21478778561594616
400.0	0.000722817797746059	0.21509926796637785
399.0	0.0007121305331183144	0.21541132380086783
398.0	0.0007014757548750784	0.2157239648646478
397.0	0.0006908528804009318	0.2160372031133915
396.0	0.0006886636675102891	0.21634162288437267
395.0	0.0006933421706888008	0.2166389887070758
394.0	0.0006980344148848621	0.216937001777064
393.0	0.0007027410460324816	0.21723567353585205
392.0	0.0007074627253631423	0.21753501563803848
391.0	0.0007122001299294576	0.217835039957051
390.0	0.0007169539531524735	0.21813575859113454
389.0	0.0007217249053892093	0.21843718386965313
388.0	0.000726513714521303	0.21873932835940177
387.0	0.0007313211265701479	0.2190422048712462
386.0	0.0007361479063333969	0.2193458264670278
385.0	0.0007409948380490136	0.21965020646661884
384.0	0.0007458627260849877	0.2199553584551915
383.0	0.0007507523956587859	0.22026129629087843
382.0	0.0007556646935856355	0.22056803411257997
381.0	0.000760600489056738	0.2208755863480837
380.0	0.0007655606744515936	0.2211839677224484
379.0	0.000770546166184803	0.22149319326677488
378.0	0.0007755579055842013	0.22180327832707736
377.0	0.0007805968598142734	0.2221142385737978
376.0	0.0007856640228317589	0.22242609001133537
375.0	0.0007907604163864421	0.22273884898810828
