375.7044	378.8891	0.04056189
375.9398	379.1283	0.040524
376.1755	379.3678	0.04049081
376.4115	379.6077	0.04046233
376.6478	379.8479	0.04043856
376.8844	380.0885	0.04041952
377.1213	380.3294	0.04040522
377.3585	380.5707	0.04025281
377.596	380.7981	0.04034136
377.8338	381.0401	0.04034119
378.0718	381.2823	0.0402011
378.3102	381.525	0.04021042
378.5489	381.768	0.04022456
378.7879	382.0115	0.04010004
379.0272	382.2552	0.04012374
379.2668	382.485	0.0401016
379.5066	382.7293	0.0401333
379.7468	382.9741	0.04002754
379.9873	383.2193	0.04007045
380.2281	383.4648	0.03997417
380.4692	383.7107	0.0398826
380.7107	383.9427	0.0400342
380.9524	384.1892	0.03995212
381.1944	384.4362	0.03987479
381.4367	384.6835	0.03980222
381.6794	384.9313	0.03973599
381.9223	385.1793	0.03967298
382.1656	385.4133	0.03985342
382.4092	385.6621	0.03980162
382.6531	385.9113	0.03975465
382.8973	386.1608	0.03956727
383.1418	386.4107	0.03952988
383.3866	386.6464	0.03958917
383.6317	386.8971	0.03956145
383.8772	387.1481	0.03954019
384.1229	387.3995	0.03952226
384.369	387.6367	0.0394565
384.6154	387.8888	0.03944982
384.8621	388.1413	0.03944808
385.1091	388.3942	0.03930511
385.3565	388.6329	0.03940603
385.6041	388.8865	0.03927263
385.8521	389.1405	0.0392921
386.1004	389.3949	0.03916998
386.349	389.635	0.03929034
386.5979	389.8901	0.03917789
386.8472	390.1457	0.0392188
387.0968	390.4016	0.03911774
387.3467	390.6432	0.0391122
387.5969	390.8999	0.03902082
387.8474	391.1569	0.0390817
388.0983	391.4144	0.03900182
388.3495	391.6575	0.03901722
388.601	391.9157	0.03894713
388.8529	392.1744	0.0388836
389.1051	392.4186	0.03891515
389.3576	392.678	0.03886149
389.6104	392.9378	0.03881283
389.8635	393.1979	0.03876917
390.117	393.4437	0.03882195
390.3709	393.7047	0.03864305
390.625	393.966	0.03861593
390.8795	394.2129	0.03868505
391.1343	394.4751	0.03852084
391.3894	394.7376	0.03851039
391.6449	394.9857	0.03859599
391.9007	395.249	0.03844821
392.1569	395.5128	0.0384562
392.4133	395.7619	0.03840746
392.6702	396.0266	0.03842721
392.9273	396.2915	0.03830097
393.1848	396.5419	0.03827015
393.4426	396.8076	0.03830521
393.7008	397.0588	0.0382859
393.9593	397.3254	0.03818287
394.2181	397.5923	0.03808489
394.4773	397.8447	0.03823222
394.7368	398.1124	0.03814603
394.9967	398.3807	0.03806656
395.2569	398.6342	0.03808034
395.5175	398.9033	0.03801265
395.7784	399.1577	0.03803807
396.0396	399.4275	0.03798058
396.3012	399.6977	0.0379299
396.5631	399.954	0.03716045
396.8254	400.241	0.02294155
397.088	400.4982	0.02309316
397.351	400.7711	0.02329165
397.6143	401.0292	0.02341552
397.878	401.3029	0.02343381
398.142	401.5619	0.0236815
398.4064	401.8365	0.02382288
398.6711	402.0963	0.02389072
398.9362	402.3718	0.02400327
399.2016	402.6325	0.02419517
399.4674	402.9089	0.02427883
399.7335	403.1705	0.02444262
400.0	403.4478	0.02449719
400.2668	403.7102	0.02478553
400.534	403.9731	0.02490526
400.8016	404.2519	0.02491428
401.0695	404.5156	0.02515863
401.3378	404.7952	0.02529153
401.6064	405.0599	0.02535417
401.8754	405.3404	0.02545767
402.1448	405.606	0.02564133
402.4145	405.8721	0.02581284
402.6846	406.154	0.02587037
402.955	406.4208	0.02601314
403.2258	406.7037	0.02619509
403.497	406.9715	0.02630518
403.7685	407.2398	0.02655732
404.0404	407.524	0.02653861
404.3127	407.7933	0.02675802
404.5853	408.0629	0.02696515
404.8583	408.3485	0.02705444
405.1317	408.6191	0.02722866
405.4054	408.8902	0.02739047
405.6795	409.1772	0.02743286
405.954	409.4492	0.02756143
406.2288	409.7216	0.02783301
406.5041	410.0101	0.02782426
406.7797	410.2835	0.02806267
407.0556	410.5573	0.02813269
407.332	410.8473	0.02823227
407.6087	411.122	0.02842474
407.8858	411.3973	0.0286007
408.1633	411.6731	0.02876008
408.4411	411.9649	0.02879889
408.7193	412.2415	0.02908513
408.998	412.5188	0.02919409
409.2769	412.7963	0.02929415
409.5563	413.0901	0.02942069
409.8361	413.3688	0.02963992
410.1162	413.6478	0.0298464
410.3967	413.9274	0.02987864
410.6776	414.2232	0.0299396
410.9589	414.5037	0.03009503
411.2406	414.7848	0.03039142
411.5226	415.0662	0.03051705
411.8051	415.3482	0.03062166
412.0879	415.6465	0.03075708
412.3711	415.9294	0.03083105
412.6547	416.2129	0.03104636
412.9387	416.4968	0.03124467
413.2231	416.7813	0.03142591
413.5079	417.0663	0.03159003
413.7931	417.3676	0.03161953
414.0787	417.6536	0.03174871
414.3646	417.94	0.03202395
414.651	418.227	0.03211861
414.9378	418.5145	0.03235545
415.2249	418.8023	0.03241938
415.5125	419.0908	0.0326216
415.8004	419.3957	0.03268943
416.0888	419.6853	0.0328564
416.3775	419.9752	0.03300997
416.6667	420.2657	0.03314197
416.9562	420.5567	0.03326045
417.2462	420.8482	0.03351792
417.5365	421.1402	0.03360121
417.8273	421.4327	0.03382362
418.1185	421.7258	0.03402847
418.41	422.0193	0.03405857
418.702	422.3134	0.03422799
418.9944	422.608	0.03437967
419.2872	422.9032	0.03467518
419.5804	423.1988	0.03479132
419.874	423.495	0.03488954
420.1681	423.7917	0.03512768
420.4625	424.0889	0.03518997
420.7574	424.3867	0.03539233
421.0526	424.6849	0.0355809
421.3483	424.9838	0.03574736
421.6444	425.2831	0.03589577
421.9409	425.583	0.03602607
422.2379	425.8835	0.03613403
422.5352	426.1844	0.03639105
422.833	426.4859	0.03646258
423.1312	426.7879	0.03667917
423.4298	427.0905	0.03671399
423.7288	427.3936	0.03689402
424.0283	427.6973	0.03705157
424.3281	428.0014	0.03719491
424.6285	428.3063	0.03731144
424.9292	428.5951	0.03771633
425.2303	428.9009	0.03780067
425.5319	429.2073	0.03802673
425.8339	429.5163	0.03674941
426.1364	429.826	0.03689464
426.4392	430.1361	0.03702376
426.7425	430.4303	0.03743465
427.0463	430.7417	0.03751343
427.3504	431.0535	0.03757586
427.655	431.3493	0.0379222
427.9601	431.6624	0.0380995
428.2655	431.9759	0.03826053
428.5714	432.2734	0.03854188
428.8778	432.5882	0.03865197
429.1845	432.9034	0.03874554
429.4918	433.2027	0.03895645
429.7994	433.519	0.03916989
430.1075	433.8361	0.03935742
430.4161	434.137	0.03950214
430.7251	434.4552	0.03964284
431.0345	434.7739	0.03976211
431.3444	435.0766	0.04017457
431.6547	435.3965	0.04024678
431.9654	435.7001	0.0404508
432.2767	436.0213	0.04063847
432.5883	436.3429	0.04080935
432.9004	436.6484	0.04110935
433.213	436.9713	0.04122795
433.526	437.2779	0.04148166
433.8395	437.602	0.04155238
434.1534	437.9098	0.04175944
434.4678	438.2351	0.04195078
434.7826	438.544	0.04227998
435.0979	438.8705	0.04225418
435.4136	439.1806	0.04253647
435.7298	439.5082	0.04263129
436.0465	439.8196	0.04303122
436.3636	440.1485	0.04307745
436.6812	440.461	0.04343033
436.9993	440.7912	0.04342273
437.3178	441.1049	0.0437282
437.6368	441.4362	0.04384161
437.9562	441.7511	0.04409944
438.2761	442.0837	0.04416356
438.5965	442.3998	0.04453933
438.9173	442.7336	0.04455393
439.2387	443.0511	0.04487686
439.5604	443.3689	0.04518349
439.8827	443.7047	0.0452876
440.2054	444.0238	0.04554096
440.5286	444.3608	0.04559502
440.8523	444.6812	0.0457947
441.1765	445.0023	0.04613983
441.5011	445.3412	0.04611611
441.8262	445.6634	0.04641237
442.1518	445.9863	0.04668201
442.4779	446.3272	0.0467475
442.8044	446.6513	0.04696782
443.1315	446.9761	0.04732927
443.459	447.3188	0.04731604
443.787	447.6449	0.04762802
444.1155	447.9716	0.04791308
444.4444	448.2988	0.04817613
444.7739	448.6442	0.04822415
445.1039	448.9728	0.04842704
445.4343	449.302	0.04878175
445.7652	449.6319	0.04893502
446.0967	449.9799	0.04904412
446.4286	450.3111	0.04931616
446.761	450.6429	0.04956074
447.0939	450.9754	0.04977776
447.4273	451.326	0.04977783
447.7612	451.6598	0.05011386
448.0956	451.9942	0.05024686
448.4305	452.3293	0.05052745
448.7659	452.6651	0.05078025
449.1018	453.0015	0.05100513
449.4382	453.3562	0.05100781
449.7751	453.6939	0.05135196
450.1125	454.0323	0.05149174
450.4505	454.3715	0.05177463
450.7889	454.7112	0.05203447
451.1278	455.0516	0.05226604
451.4673	455.3928	0.05246408
451.8072	455.7345	0.052816
452.1477	456.077	0.05295705
452.4887	456.4379	0.05304522
452.8302	456.7817	0.05312795
453.1722	457.1262	0.05335962
453.5147	457.4714	0.0537406
453.8578	457.8173	0.05390957
454.2014	458.164	0.0540495
454.5455	458.5112	0.05433888
454.8901	458.8522	0.05408224
455.2352	459.1932	0.05428302
455.5809	459.5529	0.0544185
455.9271	459.8953	0.05473338
456.2738	460.2384	0.05501887
456.621	460.6	0.0552422
456.9688	460.9445	0.05546242
457.3171	461.3076	0.05561873
457.6659	461.6534	0.05595868
458.0153	462.0	0.05626352
458.3652	462.3652	0.05632172
458.7156	462.7131	0.0565659
459.0666	463.0617	0.05695538
459.4181	463.4291	0.05691442
459.7701	463.7791	0.05724297
460.1227	464.1298	0.05753594
460.4758	464.4812	0.05798017
460.8295	464.8515	0.05798384
461.1837	465.2044	0.05817943
461.5385	465.558	0.05852089
461.8938	465.9304	0.05860569
462.2496	466.2854	0.0588852
462.606	466.6411	0.05931103
462.963	466.9975	0.05951813
463.3205	467.3547	0.05987713
463.6785	467.7308	0.05979126
464.0371	468.0894	0.0600819
464.3963	468.4488	0.06051936
464.756	468.8088	0.06074239
465.1163	469.1696	0.06092853
465.4771	469.5495	0.06103117
465.8385	469.9118	0.06133196
466.2005	470.2748	0.06159574
466.563	470.6385	0.06182798
466.9261	471.0031	0.06220758
467.2897	471.3682	0.06237087
467.6539	471.7342	0.06268157
468.0187	472.1009	0.06295487
468.3841	472.487	0.06294658
468.75	472.8553	0.06333478
469.1165	473.2243	0.06349973
469.4836	473.5941	0.06381257
469.8512	473.9646	0.06409324
470.2194	474.3358	0.06433593
470.5882	474.7079	0.06454047
470.9576	475.0807	0.06489333
471.3276	475.4544	0.06502126
471.6981	475.8287	0.06530326
472.0692	476.2039	0.06554683
472.4409	476.5798	0.06593918
472.8132	476.9565	0.06610557
473.1861	477.334	0.06642076
473.5596	477.7123	0.06650929
473.9336	478.0913	0.06675241
474.3083	478.4713	0.067139
474.6835	478.8519	0.067304
475.0594	479.2145	0.06787548
475.4358	479.5967	0.06796275
475.8128	479.9797	0.06819932
476.1905	480.3636	0.06839051
476.5687	480.7482	0.06873721
476.9475	481.1337	0.06885475
477.327	481.52	0.06911617
477.707	481.907	0.06934354
478.0876	482.2759	0.06980269
478.4689	482.6646	0.07013537
478.8508	483.0542	0.07023743
479.2332	483.4445	0.0704955
479.6163	483.8357	0.07070727
480.0	484.2086	0.07115596
480.3843	484.6014	0.07128747
480.7692	484.995	0.07156954
481.1548	485.3896	0.07180492
481.5409	485.7657	0.07228738
481.9277	486.1619	0.07244178
482.3151	486.5589	0.07255484
482.7031	486.9567	0.07281885
483.0918	487.3362	0.07332237
483.4811	487.7358	0.07349871
483.871	488.1362	0.07363332
484.2615	488.5181	0.07401637
484.6527	488.9203	0.0742556
485.0445	489.3232	0.07445289
485.4369	489.7077	0.07490202
485.83	490.1124	0.07501004
486.2237	490.5201	0.09059909
486.618	490.9542	0.1036981
487.013	491.3503	0.1036115
487.4086	491.7473	0.1035393
487.8049	492.1453	0.1034838
488.2018	492.5442	0.1034428
488.5993	492.944	0.1034164
488.9976	493.3449	0.1032136
489.3964	493.7467	0.1032187
489.7959	494.1494	0.1030447
490.1961	494.5532	0.103084
490.5969	494.9579	0.1029416
490.9984	495.3637	0.1028161
491.4005	495.7703	0.1027052
491.8033	496.178	0.1026114
492.2067	496.5866	0.1025325
492.6108	496.9962	0.1024708
493.0156	497.4069	0.1022284
493.4211	497.8187	0.1022013
493.8272	498.2313	0.1019909
494.2339	498.625	0.1020904
494.6414	499.0398	0.1021133
495.0495	499.4554	0.1019523
495.4583	499.8721	0.1018087
495.8678	500.2899	0.1014829
496.2779	500.6886	0.1016669
496.6887	501.1083	0.1015733
497.1002	501.5291	0.1012972
497.5124	501.951	0.101239
497.9253	502.3539	0.1012929
498.3389	502.7778	0.1010694
498.7531	503.2028	0.100861
499.1681	503.6087	0.1009677
499.5837	504.0358	0.1007947
500.0	504.4639	0.1006397
500.417	504.8728	0.1005953
500.8347	505.3031	0.1004761
501.2531	505.7141	0.1004671
501.6722	506.1465	0.1001811
502.0921	506.5598	0.1002102
502.5126	506.9943	0.09996005
502.9338	507.4096	0.1000225
503.3557	507.8463	0.09980854
503.7783	508.2637	0.09990724
504.2017	508.7026	0.09952806
504.6257	509.1221	0.09966317
505.0505	509.5633	0.09932022
505.476	509.985	0.09928959
505.9022	510.4078	0.09927711
506.3291	510.8522	0.09898884
506.7568	511.2773	0.09901555
507.1851	511.7033	0.09905814
507.6142	512.1511	0.09882799
508.044	512.5794	0.09870383
508.4746	513.0089	0.09860048
508.9059	513.4601	0.09842888
509.3379	513.8917	0.09836263
509.7706	514.3244	0.09831492
510.2041	514.7584	0.09828844
510.6383	515.1933	0.09807267
511.0733	515.6295	0.09808613
511.509	516.0877	0.09782532
511.9454	516.526	0.09766807
512.3826	516.9656	0.09753208
512.8205	517.4063	0.09741486
513.2592	517.8482	0.09731912
513.6986	518.2912	0.09724235
514.1388	518.7354	0.0971873
514.5798	519.1809	0.09715407
515.0215	519.6273	0.09666538
515.4639	520.0477	0.06177793
515.9071	520.4909	0.06211851
516.3511	520.9564	0.06230591
516.7959	521.402	0.06251072
517.2414	521.8486	0.06286688
517.6877	522.2964	0.06336747
518.1347	522.7452	0.06359557
518.5825	523.1952	0.06396784
519.0311	523.6677	0.0639645
519.4805	524.12	0.06441126
519.9307	524.5736	0.06478946
520.3816	525.0282	0.06510612
520.8333	525.484	0.06535346
521.2858	525.941	0.06574517
521.7391	526.3992	0.06606726
522.1932	526.8586	0.06631934
522.6481	527.3192	0.06671585
523.1037	527.7808	0.06704953
523.5602	528.2438	0.067305
524.0175	528.708	0.06748933
524.4755	529.1517	0.0681534
524.9344	529.6182	0.06841237
525.394	530.0858	0.06882343
525.8545	530.5548	0.0689385
526.3158	531.025	0.06919777
526.7779	531.4964	0.0696016
527.2408	531.9473	0.07005403
527.7045	532.4211	0.0703139
528.169	532.8962	0.07071835
528.6344	533.3725	0.0708236
529.1005	533.8282	0.07142659
529.5675	534.307	0.07160367
530.0353	534.787	0.07192514
530.504	535.2465	0.07251576
530.9735	535.7291	0.07268175
531.4438	536.213	0.07277223
531.9149	536.6761	0.07336396
532.3869	537.1625	0.07351684
532.8597	537.6281	0.0741749
533.3333	538.117	0.07439769
533.8078	538.5852	0.07490064
534.2832	539.0768	0.07495571
534.7594	539.5476	0.07552338
535.2364	540.0417	0.07564671
535.7143	540.515	0.07605653
536.193	541.0117	0.0762397
536.6726	541.4876	0.07671284
537.1531	541.9871	0.07694758
537.6344	542.4655	0.07748371
538.1166	542.9453	0.07793632
538.5996	543.4487	0.07792837
539.0836	543.9312	0.07843464
539.5683	544.4148	0.07887237
540.054	544.9224	0.07882649
540.5405	545.4088	0.07931673
541.028	545.8966	0.07971341
541.5162	546.3856	0.08026582
542.0054	546.876	0.08072416
542.4955	547.3905	0.08069496
542.9864	547.8836	0.08098562
543.4783	548.3782	0.08140734
543.971	548.874	0.08174955
544.4646	549.3712	0.08223097
544.9591	549.8699	0.08262422
545.4545	550.3699	0.08292873
545.9509	550.8714	0.083364
546.4481	551.3742	0.08371816
546.9462	551.9689	0.1257776
547.4453	552.478	0.1255965
547.9452	552.9885	0.1252091
548.4461	553.4779	0.1254985
548.9478	553.9918	0.1251629
549.4505	554.5075	0.1248561
549.9542	555.002	0.124766
550.4587	555.5211	0.1245115
550.9642	556.0188	0.1244735
551.4706	556.5414	0.1240429
551.9779	557.0424	0.1240574
552.4862	557.5686	0.1236824
552.9954	558.0731	0.1237532
553.5055	558.6026	0.1231983
554.0166	559.1106	0.1230919
554.5287	559.6205	0.1230151
555.0416	560.1553	0.1225429
555.5556	560.6687	0.1225229
556.0704	561.1836	0.122292
556.5863	561.7005	0.1223294
557.1031	562.219	0.1221585
557.6208	562.7393	0.1220148
558.1395	563.2851	0.1214819
558.6592	563.8091	0.1211621
559.1799	564.335	0.1211098
559.7015	564.8626	0.1208478
560.2241	565.3683	0.1210361
560.7477	565.8996	0.1208355
561.2722	566.4326	0.1204239
561.7978	566.9678	0.1202851
562.3243	567.5046	0.1199351
562.8518	568.0434	0.1196161
563.3803	568.56	0.1197482
563.9098	569.1025	0.1192511
564.4403	569.647	0.1190261
564.9718	570.1693	0.1190115
565.5042	570.7174	0.1186051
566.0377	571.2434	0.1186537
566.5722	571.7956	0.1183141
567.1078	572.3255	0.1181868
567.6443	572.8815	0.117668
568.1818	573.4152	0.1178451
568.7204	573.9508	0.1175697
569.26	574.5129	0.1171506
569.8006	575.0524	0.1169392
570.3422	575.5938	0.1170055
570.8849	576.1373	0.1168624
571.4286	576.7074	0.1163319
571.9733	577.2548	0.1160078
572.5191	577.8043	0.1159665
573.0659	578.3558	0.1157112
573.6138	578.9094	0.1154922
574.1627	579.4649	0.1153065
574.7126	580.0224	0.1149057
575.2637	580.5822	0.1147935
575.8157	581.1069	0.09598157
576.3689	581.6733	0.08857872
576.9231	582.2417	0.08836136
577.4783	582.787	0.08877
578.0347	583.3597	0.08844726
578.5921	583.9091	0.08875336
579.1506	584.4858	0.0885786
579.7101	585.0392	0.08903637
580.2708	585.6202	0.08875394
580.8325	586.1778	0.08910693
581.3953	586.7629	0.08871823
581.9593	587.3249	0.08896099
582.5243	587.8889	0.08915401
583.0904	588.4804	0.0888527
583.6576	589.0486	0.08893626
584.2259	589.6189	0.08896508
584.7953	590.1913	0.08919473
585.3659	590.7661	0.08936592
585.9375	591.3428	0.0892282
586.5103	591.9218	0.08928742
587.0841	592.5028	0.08929361
587.6592	593.0864	0.08949376
588.2353	593.6719	0.08938198
588.8126	594.2597	0.08946743
589.391	594.8498	0.08923536
589.9705	595.416	0.08966402
590.5512	596.0106	0.08957139
591.133	596.6073	0.08941901
591.716	597.1804	0.08992923
592.3001	597.7817	0.08965405
592.8854	598.3854	0.0895758
593.4718	598.9651	0.08964414
594.0594	599.5735	0.08944026
594.6482	600.1579	0.08964413
595.2381	600.7445	0.09005228
595.8292	601.3598	0.08965531
596.4215	601.9512	0.08993434
597.0149	602.5447	0.08988737
597.6096	603.1674	0.08955343
598.2054	603.7657	0.08963869
598.8024	604.3665	0.08992423
599.4006	604.9696	0.08987641
600.0	605.5752	0.09002843
600.6006	606.1832	0.08984476
601.2024	606.7936	0.08986045
601.8054	607.4064	0.08980714
602.4096	608.0217	0.08995364
603.0151	608.6126	0.0902566
603.6217	609.2328	0.09026479
604.2296	609.8556	0.08992715
604.8387	610.4753	0.08991086
605.449	611.0917	0.08995352
606.0606	611.7106	0.09019418
606.6734	612.3319	0.0900917
607.2874	612.9284	0.09043077
607.9027	613.5548	0.09045544
608.5193	614.1838	0.09040357
609.1371	614.8154	0.09027835
609.7561	615.4494	0.09007898
610.3764	616.0585	0.09060005
610.998	616.6978	0.09024448
611.6208	617.3396	0.09008908
612.2449	617.9565	0.09038301
612.8703	618.6037	0.09006786
613.4969	619.2256	0.09048687
614.1249	619.8503	0.09054516
614.7541	620.5055	0.09026882
615.3846	621.1354	0.09044905
616.0164	621.768	0.09054881
616.6495	622.4313	0.09002244
617.284	623.0695	0.09023354
617.9197	623.7102	0.09036665
618.5567	624.3536	0.09013433
619.195	624.9998	0.09038271
619.8347	625.6488	0.09025955
620.4757	626.3006	0.09005046
621.118	626.9552	0.09003891
621.7617	627.6126	0.08993624
622.4066	628.2442	0.09031504
623.053	628.9074	0.0900337
623.7006	629.5732	0.0899534
624.3496	630.2132	0.09035097
625.0	630.885	0.09008367
625.6517	631.5308	0.09030121
626.3048	632.2083	0.089847
626.9592	632.8598	0.09016958
627.6151	633.5434	0.08952024
628.2723	634.2008	0.08965143
628.9308	634.8611	0.08998216
629.5908	635.5245	0.08992106
630.2521	636.1907	0.09005838
630.9148	636.8892	0.08950115
631.5789	637.5615	0.08943849
632.2445	638.237	0.08927077
632.9114	638.886	0.08990425
633.5797	639.5674	0.08953962
634.2495	640.252	0.0896571
634.9206	640.9396	0.08938011
635.5932	641.6304	0.08899298
636.2672	642.3702	0.1179684
636.9427	643.0851	0.1302693
637.6196	643.7737	0.1298839
638.2979	644.4658	0.1292719
638.9776	645.1616	0.1287321
639.6588	645.8612	0.1279696
640.3415	646.5345	0.1279005
641.0256	647.2416	0.1272893
641.7112	647.9224	0.1270709
642.3983	648.6373	0.126316
643.0868	649.3255	0.1259482
643.7768	650.0177	0.1256603
644.4683	650.7136	0.125148
645.1613	651.4135	0.1247164
645.8558	652.1173	0.1243664
646.5517	652.8248	0.123787
647.2492	653.5366	0.123295
647.9482	654.2523	0.1228867
648.6486	654.9718	0.1222487
649.3506	655.6645	0.1220048
650.0542	656.3925	0.1212353
650.7592	657.0931	0.1211608
651.4658	657.8292	0.1202511
652.1739	658.5381	0.1200421
652.8836	659.2513	0.1196117
653.5948	659.9685	0.1192686
654.3075	660.6898	0.1186986
655.0218	661.4154	0.1182221
655.7377	662.1454	0.1178404
656.4551	662.8794	0.117232
657.1742	663.6182	0.1164065
657.8947	664.329	0.116279
658.6169	665.0763	0.1156413
659.3407	665.796	0.1153937
660.066	666.552	0.1146271
660.793	667.2806	0.1142554
661.5215	668.0133	0.1139778
662.2517	668.7508	0.1134828
662.9834	669.4924	0.1130834
663.7168	670.2389	0.1124664
664.4518	670.9898	0.111952
665.1885	671.6911	0.07897363
665.9267	672.4216	0.06336004
666.6667	673.1569	0.06362733
667.4082	673.9291	0.06314238
668.1514	674.6727	0.06313199
668.8963	675.4207	0.06297623
669.6429	676.2062	0.06237369
670.3911	676.9629	0.06225529
671.1409	677.7238	0.06199135
671.8925	678.4894	0.06156945
672.6457	679.2593	0.06133207
673.4007	680.0004	0.06158113
674.1573	680.7793	0.06103259
674.9156	681.5628	0.06066018
675.6757	682.3173	0.06077878
676.4374	683.11	0.06008354
677.2009	683.8736	0.0602208
677.9661	684.6418	0.05985685
678.733	685.4487	0.0593376
679.5017	686.2263	0.0589754
680.2721	687.0086	0.05878717
681.0443	687.7958	0.05842359
681.8182	688.5877	0.05788727
682.5939	689.35	0.05820651
683.3713	690.1516	0.05766153
684.1505	690.9581	0.05693133
684.9315	691.735	0.0570637
685.7143	692.5516	0.05630744
686.4989	693.3384	0.05641892
687.2852	694.1299	0.05599941
688.0734	694.9619	0.05501557
688.8634	695.7638	0.05490635
689.6552	696.5709	0.05460308
690.4488	697.3831	0.05410246
691.2442	698.1649	0.05413674
692.0415	698.9876	0.05358544
692.8406	699.8155	0.05282828
693.6416	700.6132	0.05296192
694.4444	701.4519	0.05214015
695.2491	702.2602	0.05185477
696.0557	703.074	0.05171398
696.8641	704.0413	-0.01917009
697.6744	704.8653	-0.01981552
698.4866	705.6958	-0.02044695
699.3007	706.5329	-0.02107249
700.1167	707.3766	-0.0217005
700.9346	708.1904	-0.02188083
701.7544	709.0474	-0.02289737
702.5761	709.8744	-0.02346537
703.3998	710.7083	-0.02370434
704.2254	711.549	-0.02434114
705.0529	712.3964	-0.02538869
705.8824	713.251	-0.02613553
706.7138	714.1125	-0.02731573
707.5472	714.9437	-0.02766834
708.3825	715.8195	-0.02901247
709.2199	716.665	-0.02954885
710.0592	717.5176	-0.03016475
710.9005	718.3775	-0.03127537
711.7438	719.2448	-0.03251472
712.5891	720.1196	-0.03351239
713.4364	720.9635	-0.03403174
714.2857	721.8533	-0.03571893
715.1371	722.7124	-0.03656906
715.9905	723.5791	-0.03719827
716.8459	724.4534	-0.038395
717.7033	725.3354	-0.03978705
718.5629	726.2258	-0.04143919
719.4245	727.0847	-0.04180888
720.2881	727.9908	-0.04391272
721.1538	728.8656	-0.04475811
722.0217	729.7489	-0.04589617
722.8916	730.6401	-0.04769097
723.7636	731.5397	-0.04899146
724.6377	732.4476	-0.05101026
725.5139	733.4046	-0.03200775
726.3923	734.5164	0.01126948
727.2727	735.3956	0.01012131
728.1553	736.3265	0.007361423
729.0401	737.2281	0.005891531
729.927	738.1407	0.003642215
730.8161	739.0648	0.001399678
731.7073	739.9588	6.076337e-5
732.6007	740.8644	-0.001694143
733.4963	741.8235	-0.005222069
734.3941	742.711	-0.006534644
735.2941	743.6523	-0.00924276
736.1963	744.6059	-0.01244991
737.1007	745.5296	-0.01436456
738.0074	746.4659	-0.01681022
738.9163	747.372	-0.01837689
739.8274	748.3334	-0.02191427
740.7407	749.2646	-0.02416339
741.6564	750.2093	-0.02659773
742.5743	751.1671	-0.03007837
743.4944	752.138	-0.03332741
744.4169	753.0793	-0.03576543
745.3416	754.0338	-0.03886867
746.2687	755.0027	-0.0422602
747.198	755.9408	-0.04481762
748.1297	756.8933	-0.04724198
749.0637	757.8601	-0.0504377
750.0	758.8414	-0.05444118
750.9387	759.838	-0.05885516
751.8797	760.804	-0.0620454
752.8231	761.7854	-0.06567714
753.7688	762.782	-0.06976669
754.717	763.755	-0.07346586
755.6675	764.7554	-0.07781172
756.6204	765.7254	-0.08099468
757.5758	766.7121	-0.08478316
758.5335	767.7149	-0.08965118
759.4937	768.7351	-0.09474465
760.4563	769.7249	-0.09872789
761.4213	770.7319	-0.1029588
762.3888	771.7568	-0.1084653
763.3588	772.7517	-0.1129245
764.3312	773.7643	-0.1177367
765.3061	774.7955	-0.1229741
766.2835	775.8457	-0.1296721
767.2634	776.8659	-0.134915
768.2458	777.9054	-0.140708
769.2308	778.9151	-0.1455838
770.2182	779.9442	-0.1510593
771.2082	780.9937	-0.1577535
772.2008	782.0136	-0.1631021
773.1959	783.1049	-0.1713909
774.1935	784.1153	-0.1762046
775.1938	785.1991	-0.1846793
776.1966	786.253	-0.1913986
777.2021	787.3299	-0.1992078
778.2101	788.3769	-0.2058234
779.2208	789.4473	-0.2136479
780.2341	790.5413	-0.2227507
781.25	791.606	-0.230281
782.2686	792.6954	-0.2392537
783.2898	793.7556	-0.2467192
784.3137	794.8411	-0.2557778
785.3403	795.9526	-0.2660058
786.3696	797.472	-0.6030777
787.4016	798.6169	-0.6250985
788.4363	799.6851	-0.6436243
789.4737	800.8442	-0.6677982
790.5138	801.9263	-0.6888102
791.5567	803.1022	-0.7153763
792.6024	804.2018	-0.7387111
793.6508	805.3392	-0.7646474
794.702	806.5164	-0.7944308
795.756	807.6758	-0.8239693
796.8127	808.8169	-0.8534266
797.8723	810.0009	-0.8865076
798.9348	811.1691	-0.920025
800.0	812.3205	-0.9534885
801.0681	813.5178	-0.9916866
802.139	814.7003	-1.030412
803.2129	815.8695	-1.069764
804.2895	817.087	-1.113796
805.3691	818.293	-1.159145
806.4516	819.4874	-1.204981
807.537	820.7353	-1.257008
808.6253	821.9087	-1.303259
809.7166	823.1383	-1.360869
810.8108	824.4261	-1.424519
811.908	825.6415	-1.484064
813.0081	826.9179	-1.551784
814.1113	828.1917	-1.616552
815.2174	829.8107	-1.87052
816.3265	831.2914	-2.076802
817.4387	832.5895	-2.181897
818.5539	833.9761	-2.305014
819.6721	835.24	-2.419239
820.7934	836.5986	-2.550333
821.9178	837.983	-2.694115
823.0453	839.321	-2.845265
824.1758	840.6895	-3.000674
825.3095	842.0924	-3.172738
826.4463	843.532	-3.366067
827.5862	844.9337	-3.567318
828.7293	846.3801	-3.784752
829.8755	847.793	-4.012142
831.0249	849.2572	-4.259826
832.1775	850.7755	-4.543908
833.3333	852.2702	-4.842456
834.4924	853.7447	-5.154797
835.6546	855.2494	-5.497577
836.8201	856.7734	-5.870508
837.9888	858.3171	-6.284517
839.1608	859.8778	-6.733261
840.3361	861.4489	-7.219369
841.5147	863.0231	-7.746393
842.6966	864.6082	-8.332921
843.8819	866.2102	-8.969839
845.0704	867.8061	-9.6609
846.2623	869.4051	-10.42196
847.4576	873.8131	-13.69055
848.6563	875.4952	-15.18747
849.8584	877.1093	-16.86054
851.0638	878.6006	-18.73705
852.2727	879.9357	-20.8128
853.4851	881.0424	-23.10576
854.7009	881.8715	-25.58753
855.9201	882.342	-28.23005
857.1429	882.364	-30.97906
858.3691	881.8687	-33.72662
859.5989	880.8261	-36.34935
860.8321	879.2291	-38.70037
862.069	877.1091	-40.59787
863.3094	874.6084	-41.91321
864.5533	871.8856	-42.50226
865.8009	869.1318	-42.36483
867.052	866.5547	-41.52394
868.3068	864.3241	-40.07248
869.5652	862.56	-38.13757
870.8273	861.2941	-35.90586
872.093	860.5667	-33.49224
873.3624	860.3182	-31.03663
874.6356	860.492	-28.62215
875.9124	859.9107	-28.91745
877.193	860.5056	-26.14615
878.4773	861.4806	-23.59909
879.7654	862.7342	-21.30518
881.0573	864.1973	-19.24623
882.3529	865.8023	-17.42128
883.6524	867.5092	-15.80731
884.9558	869.2793	-14.37922
886.2629	871.0898	-13.11814
887.574	872.9181	-12.00049
888.8889	874.7621	-11.00855
890.2077	876.5962	-10.12711
891.5305	878.4341	-9.33667
892.8571	880.2518	-8.640732
894.1878	882.069	-8.012887
895.5224	883.8627	-7.4505
896.861	885.642	-6.942859
898.2036	887.4436	-6.480987
899.5502	889.1615	-6.072365
900.9009	890.8923	-5.702541
902.2556	892.623	-5.359314
903.6145	894.3422	-5.046543
904.9774	888.9697	3.161923
906.3444	891.3495	2.039942
907.7156	893.6612	1.132026
909.0909	895.9286	0.3938788
910.4704	898.0891	-0.2156839
911.8541	900.2189	-0.7149579
913.242	902.3135	-1.117932
914.6341	904.3028	-1.460386
916.0305	906.2473	-1.750016
917.4312	908.1359	-1.988196
918.8361	909.9629	-2.193435
920.2454	911.7773	-2.362843
921.659	913.5674	-2.497668
923.0769	915.325	-2.61946
924.4992	917.0354	-2.716609
925.9259	918.7483	-2.797269
927.357	920.3956	-2.870304
928.7926	922.0243	-2.935499
930.2326	923.6792	-2.983331
931.677	925.2947	-3.020132
933.126	926.8629	-3.059212
934.5794	928.4302	-3.09354
936.0374	931.669	-0.2627388
937.5	934.4604	2.099333
938.9671	935.9293	2.113195
940.4389	937.3934	2.126502
941.9152	938.8542	2.135718
943.3962	940.3594	2.158118
944.8819	941.8603	2.177231
946.3722	943.3574	2.195051
947.8673	944.8498	2.214673
949.3671	946.3399	2.228481
950.8716	947.8744	2.254157
952.381	949.357	2.274347
953.8951	950.8866	2.297645
955.414	952.413	2.32608
956.9378	953.9841	2.364442
958.4665	955.5088	2.38885
960.0	957.033	2.417253
961.5385	958.6029	2.455707
963.0819	960.1723	2.499914
964.6302	961.7435	2.54386
966.1836	964.3736	3.81832
967.7419	965.9776	3.876095
969.3053	967.5498	3.921397
970.8738	969.1742	3.982142
972.4473	970.7635	4.034516
974.026	972.4022	4.099923
975.6098	974.0033	4.157541
977.1987	975.651	4.228868
978.7928	977.2617	4.284648
980.3922	978.9155	4.356227
981.9967	980.5701	4.430748
983.6066	982.2258	4.503838
985.2217	983.8819	4.576819
986.8421	985.5365	4.652361
988.4679	987.2296	4.741053
990.099	988.8825	4.813399
991.7355	990.5722	4.899936
993.3775	992.2961	5.003906
995.0249	993.9809	5.087076
996.6777	996.6119	4.731847
998.3361	999.1636	4.371964
1000.0	1000.9007	4.4311517
