376.0	375.9956	-1.439098e-5
377.0	376.995	1.364096e-5
378.0	377.9945	4.430075e-5
379.0	378.9943	7.765251e-5
380.0	379.9942	0.000113761
381.0	380.9942	8.327606e-6
382.0	381.9945	4.971817e-5
383.0	382.9949	9.406347e-5
384.0	383.9956	-4.219532e-6
385.0	384.9963	4.580876e-5
386.0	385.9973	-4.751406e-5
387.0	386.9985	8.471086e-6
388.0	387.9998	6.77544e-5
389.0	389.0014	-1.739507e-5
390.0	390.0031	4.826662e-5
391.0	391.005	-3.122408e-5
392.0	392.0071	-0.0001079934
393.0	392.9944	5.653508e-5
394.0	393.9969	-1.446571e-5
395.0	394.9995	6.786711e-5
396.0	396.0024	3.250795e-6
397.0	397.0023	-6.847822e-5
398.0	398.0054	-2.044857e-5
399.0	399.0088	1.16564e-5
400.0	399.9971	-3.159878e-5
401.0	401.0008	-3.097568e-5
402.0	402.0048	-4.711988e-5
403.0	403.0091	-8.032081e-5
404.0	403.9981	-3.062364e-5
405.0	405.0028	5.783774e-5
406.0	406.0077	-2.610847e-5
407.0	406.9972	-2.285559e-5
408.0	408.0026	1.45074e-5
409.0	409.0082	-0.0001228157
410.0	409.9983	-1.131699e-5
411.0	411.0043	-2.726363e-5
412.0	411.9948	5.225547e-5
413.0	413.0013	1.600154e-7
414.0	414.0081	-7.137613e-5
415.0	414.9992	-4.293999e-5
416.0	416.0064	7.552094e-6
417.0	416.9979	1.498629e-6
418.0	418.0056	1.412573e-5
419.0	418.9975	-2.764002e-5
420.0	420.0057	-5.415559e-5
421.0	420.998	2.949523e-5
422.0	422.0067	-3.69942e-5
423.0	422.9994	9.84033e-6
424.0	424.0087	-9.794511e-5
425.0	425.0018	7.504198e-5
426.0	425.9983	-5.78586e-6
427.0	426.9987	-3.509102e-5
428.0	427.9994	7.878907e-5
429.0	429.0003	4.594894e-6
430.0	430.0015	7.37826e-5
431.0	431.0029	-4.681912e-5
432.0	432.0046	-2.385389e-5
433.0	433.0065	-2.434318e-5
434.0	434.0087	-4.867955e-5
435.0	434.9942	6.310807e-5
436.0	435.9969	-7.858198e-6
437.0	436.9998	6.612998e-5
438.0	438.0029	-5.4827e-5
439.0	439.0064	-3.068267e-5
440.0	440.0101	-3.183685e-5
441.0	440.9969	0.0001154067
442.0	442.0011	6.474225e-5
443.0	443.0056	-1.246736e-5
444.0	443.993	6.45249e-5
445.0	444.998	0.0001091784
446.0	446.0033	-4.736584e-5
447.0	447.0088	-5.73426e-5
448.0	447.9972	9.573906e-5
449.0	449.0033	3.229178e-5
450.0	450.0097	-5.976885e-5
451.0	450.9987	1.725885e-5
452.0	452.0056	-0.0001309095
453.0	452.9951	7.185889e-5
454.0	454.0026	4.454848e-5
455.0	455.0011	1.17874e-5
456.0	456.0052	-0.000121295
457.0	457.0096	-0.0001048363
458.0	457.9962	9.798221e-5
459.0	459.001	5.727372e-5
460.0	460.0062	-1.402416e-5
461.0	460.9935	0.0001076113
462.0	461.9992	-2.360233e-5
463.0	463.0052	-4.173156e-6
464.0	463.9932	3.270631e-5
465.0	464.9997	-9.131428e-6
466.0	466.0066	-8.344383e-5
467.0	466.9953	4.96132e-5
468.0	468.0027	-8.836208e-5
469.0	469.0105	-7.470138e-5
470.0	469.9999	-3.188812e-5
471.0	471.0083	-8.337003e-5
472.0	471.9982	8.504627e-5
473.0	473.0071	-3.308461e-5
474.0	473.9976	7.338629e-5
475.0	475.0071	-0.0001134281
476.0	475.998	0.0001181736
477.0	477.0082	-0.0001388961
478.0	477.9997	2.82452e-5
479.0	479.0104	-0.000110624
480.0	480.0024	-9.49668e-6
481.0	480.9947	5.933783e-5
482.0	482.0064	3.723336e-6
483.0	482.9992	3.917845e-6
484.0	483.9923	0.0001633261
485.0	485.0049	-3.460362e-6
486.0	485.9986	8.561086e-5
487.0	487.008	-0.0001773717
488.0	488.0037	-9.652446e-5
489.0	488.9997	-1.265886e-5
490.0	489.996	7.434955e-5
491.0	490.9927	0.0001646271
492.0	492.0094	-3.743956e-5
493.0	493.0069	-0.0001381175
494.0	494.0047	-3.774092e-5
495.0	495.0028	6.643351e-5
496.0	496.0013	-2.5083e-5
497.0	497.0002	8.653629e-5
498.0	497.9994	1.618603e-6
499.0	498.999	0.0001212392
500.0	499.999	4.348085e-5
501.0	500.9994	-3.076519e-5
502.0	502.0001	0.000101654
503.0	503.0013	3.543841e-5
504.0	504.0028	-2.682126e-5
505.0	505.0048	-8.497315e-5
506.0	506.0071	-0.0001388632
507.0	507.0099	-0.0001883351
508.0	507.9924	6.079713e-5
509.0	508.9959	2.048587e-5
510.0	509.9999	-1.493034e-5
511.0	511.0042	-4.528602e-5
512.0	512.009	-7.041334e-5
513.0	512.9933	0.0002030596
514.0	513.9989	-2.116993e-5
515.0	515.005	-3.035017e-5
516.0	515.9949	0.0001546684
517.0	517.0053	4.583806e-5
518.0	517.9948	0.0001867584
519.0	519.006	-2.715033e-5
520.0	519.9962	1.443098e-5
521.0	521.0082	-9.405708e-5
522.0	521.9992	5.986895e-5
523.0	523.012	-0.0001581681
524.0	524.0037	-0.0001079278
525.0	524.9958	0.0001072057
526.0	526.0099	-6.250081e-5
527.0	527.0027	4.612511e-5
528.0	527.9959	0.0001021492
529.0	529.0113	-0.0002409612
530.0	530.0053	-7.77461e-5
531.0	530.9997	3.139158e-5
532.0	531.9944	8.557232e-5
533.0	533.0116	-5.710104e-5
534.0	534.0071	-0.0001189911
535.0	535.0031	-1.675794e-5
536.0	535.9994	2.803811e-5
537.0	536.9961	1.447451e-5
538.0	537.9933	0.0001651495
539.0	539.0132	-0.0001296217
540.0	540.0112	-0.0001022509
541.0	541.0096	-0.0001358854
542.0	542.0084	-0.000231493
543.0	543.0077	-0.0001636119
544.0	544.0074	-0.0001584991
545.0	545.0075	-0.0002171493
546.0	546.008	-0.0001123698
547.0	546.9959	4.836696e-5
548.0	548.0022	3.86849e-5
549.0	549.0091	-0.0001976997
550.0	549.9936	0.0002181173
551.0	551.0018	-1.254775e-5
552.0	552.0106	-0.00024045
553.0	552.9969	0.0001869586
554.0	554.007	-3.394084e-5
555.0	554.9944	0.0001681679
556.0	556.0059	-4.55352e-5
557.0	556.9944	0.0001644347
558.0	558.0072	-4.115042e-5
559.0	558.9971	0.000177594
560.0	560.0112	-0.000256812
561.0	561.0023	-2.905424e-5
562.0	561.994	0.000203963
563.0	563.0103	-0.0002177777
564.0	564.0033	2.572943e-5
565.0	564.9969	3.37795e-5
566.0	565.9912	0.0002888486
567.0	567.0104	-0.0001128524
568.0	568.006	-8.883421e-5
569.0	569.0023	-5.918947e-5
570.0	569.9993	-2.364541e-5
571.0	570.9969	1.807598e-5
572.0	571.9952	6.625798e-5
573.0	572.9943	0.0001211893
574.0	573.994	0.000183164
575.0	574.9945	3.71183e-6
576.0	576.0017	0.0001156669
577.0	577.0135	-0.0001531146
578.0	578.001	-4.585071e-5
579.0	579.0142	-0.0001628984
580.0	580.003	-0.0001511409
581.0	580.9924	6.576844e-5
582.0	582.0079	-0.0002025251
583.0	582.9988	0.0001706858
584.0	583.9903	0.000240944
585.0	585.008	-0.0001849198
586.0	586.001	3.866192e-5
587.0	586.9946	0.0002120464
588.0	588.0148	-0.0001203826
589.0	589.0099	-5.294621e-5
590.0	590.0058	-3.842395e-5
591.0	591.0023	-7.773948e-5
592.0	591.9997	8.95426e-5
593.0	592.9977	-5.950948e-5
594.0	593.9966	-2.349945e-6
595.0	594.9962	-1.318015e-6
596.0	595.9966	0.0002070298
597.0	596.9977	9.361946e-5
598.0	597.9997	-7.889892e-5
599.0	599.0025	-4.480897e-5
600.0	600.0061	-7.033224e-5
601.0	601.0105	-0.0001565112
602.0	602.0158	-0.0003044024
603.0	602.9949	-1.506287e-5
604.0	604.0018	-1.578285e-5
605.0	605.001	0.0001091705
606.0	605.991	0.0001257595
607.0	607.009	-0.000158451
608.0	608.0006	6.42105e-6
609.0	608.9929	0.0001097248
610.0	610.0136	-9.684321e-5
611.0	611.0076	-0.0001224494
612.0	612.0025	6.400475e-5
613.0	612.9981	0.0001860447
614.0	613.9946	0.0002425338
615.0	614.992	0.0002323201
616.0	615.9902	0.0001542354
617.0	616.9892	0.000288051
618.0	617.9892	0.0003532307
619.0	618.99	0.0003485648
620.0	619.9918	0.0002728265
621.0	620.9944	0.0001247719
622.0	621.998	0.0001881709
623.0	623.0025	-0.0001074946
624.0	624.0079	-0.0001926317
625.0	625.0143	-0.0003535784
626.0	625.9928	0.0002749027
627.0	627.0011	-3.713829e-5
628.0	628.0104	-0.0001389882
629.0	628.9915	0.000269005
630.0	630.0027	1.048764e-5
631.0	631.0149	-0.0003303295
632.0	631.9988	0.0001392293
633.0	633.0131	-0.0003658129
634.0	633.9988	-5.396004e-5
635.0	635.0151	-0.0004330769
636.0	636.012	-0.0003240453
637.0	637.0062	-0.0001069714
638.0	638.0016	0.000127437
639.0	638.9983	8.0228e-5
640.0	639.9963	4.992933e-5
641.0	640.9956	3.732691e-5
642.0	641.9963	4.322481e-5
643.0	642.9983	6.844562e-5
644.0	644.0017	0.0001138309
645.0	645.0065	-0.0001254362
646.0	646.0128	-0.0003448143
647.0	646.9897	0.0003796466
648.0	647.9987	-0.0001051216
649.0	649.0093	-0.0002595923
650.0	649.9902	0.0002243412
651.0	651.0037	-0.0001940489
652.0	651.9875	0.0003382563
653.0	653.004	-3.145839e-5
654.0	653.9906	0.0002382354
655.0	655.0102	-7.979158e-5
656.0	655.9998	-7.385411e-5
657.0	656.9908	0.0002760959
658.0	658.0152	-0.0002767504
659.0	659.0093	-0.0001883676
660.0	660.005	-7.076292e-5
661.0	661.0022	7.719819e-5
662.0	662.0009	-6.674072e-5
663.0	663.0013	0.0001443577
664.0	664.0033	6.377929e-5
665.0	665.0184	-0.0002008469
666.0	666.0166	-0.000452539
667.0	667.0161	-0.0001553021
668.0	668.0171	-0.0002943369
669.0	669.0195	-0.0002133449
670.0	669.9902	5.738365e-5
671.0	670.9954	0.0002506654
672.0	672.0022	-3.158649e-6
673.0	673.0105	-3.967129e-5
674.0	673.9867	0.000120437
675.0	674.998	0.0001864421
676.0	676.0109	-0.0002060908
677.0	676.9915	0.0002798552
678.0	678.0075	-1.920689e-5
679.0	678.9911	0.0002277231
680.0	680.0103	-0.0003247944
681.0	680.997	1.663094e-5
682.0	682.0195	-0.0004540022
683.0	683.0093	-2.183e-5
684.0	684.0006	-6.304953e-5
685.0	684.9936	0.0001119922
686.0	685.9881	0.0001550147
687.0	687.0192	-0.0003001603
688.0	688.0171	-0.0001823386
689.0	689.0167	-0.0002026789
690.0	690.018	-0.0003640453
691.0	691.021	-0.0003148829
692.0	691.9901	0.0003292695
693.0	692.9966	9.150449e-5
694.0	694.0048	6.094429e-5
695.0	695.0148	-0.0001211137
696.0	695.9907	0.0003036172
697.0	697.0138	-0.0002352677
698.0	698.0121	-0.0003301384
699.0	699.0129	-0.0001614738
700.0	700.016	-0.000464325
701.0	701.0215	-0.0005177495
702.0	701.9927	0.0001456999
703.0	703.0031	-0.0001492016
704.0	704.0161	-0.0002147257
705.0	704.9945	8.286343e-5
706.0	706.0125	-0.0002753192
707.0	706.9958	0.0001118484
708.0	708.0192	-0.0005769499
709.0	709.0076	-0.0001329902
710.0	709.9986	0.0001454978
711.0	710.9921	0.0002479422
712.0	711.9883	0.0001634689
713.0	712.9872	0.0002642092
714.0	713.9888	0.0001582114
715.0	714.9933	0.0002198612
716.0	716.0005	5.372357e-5
717.0	717.0107	-0.0003526661
718.0	717.9848	0.0004688487
719.0	719.0007	-4.595159e-5
720.0	720.0198	-0.0004438306
721.0	721.0024	1.40173e-5
722.0	721.9879	0.0002062082
723.0	723.0161	-0.0002648219
724.0	724.0076	-0.0002622402
725.0	725.0022	-0.0001645465
726.0	726.012	-0.0002582532
727.0	727.0151	-0.0005611648
728.0	728.0228	-0.0006207489
729.0	728.9944	1.13047e-5
730.0	730.0115	-0.0003943102
731.0	730.9923	0.0003009172
732.0	732.0192	-0.0005032637
733.0	733.0097	-0.0002069587
734.0	734.0051	-0.0001249748
735.0	735.0055	-0.0002726139
736.0	736.0111	-0.0002438707
737.0	737.0219	-0.0008970064
738.0	737.9955	7.414292e-7
739.0	739.017	-0.0003546375
740.0	740.0012	-1.087931e-5
741.0	740.9908	0.000467557
742.0	741.9858	0.0006337978
743.0	742.9866	0.0004681577
744.0	743.9931	0.0003885091
745.0	745.0055	-6.042895e-5
746.0	746.024	-0.0009006532
747.0	747.0043	-0.0001545133
748.0	747.9906	0.0001946602
749.0	748.9829	0.0005723676
750.0	750.0266	-0.001102127
751.0	750.9865	0.0004335645
752.0	751.9981	-0.0001304353
753.0	753.0165	-0.0007519946
754.0	753.9957	0.000237427
755.0	754.9932	0.0001174529
756.0	756.0049	-1.562931e-5
757.0	757.024	-0.000754152
758.0	758.0034	-0.0003562258
759.0	758.9901	0.0003580375
760.0	759.9841	0.0004188789
761.0	760.9857	0.0007452628
762.0	761.995	0.0003549769
763.0	763.0124	-0.0003082813
764.0	763.9895	0.000636927
765.0	765.0232	-0.001134833
766.0	766.0166	-0.000832808
767.0	767.0183	-0.0008922597
768.0	768.0287	-0.001350962
769.0	768.9981	0.000292312
770.0	770.0262	-0.001055521
771.0	771.0133	-0.0003252541
772.0	772.0094	-0.0006078602
773.0	773.0149	-0.0004296624
774.0	774.0299	-0.001358107
775.0	775.0034	-0.00020807
776.0	775.9865	0.0003058504
777.0	776.9795	0.0006512649
778.0	777.9827	0.0007812545
779.0	778.9964	0.0001195681
780.0	780.0209	-0.0008651299
781.0	781.0032	-0.0003534682
782.0	781.9964	0.0003214215
783.0	783.0009	3.176087e-5
784.0	784.0168	-0.000751556
785.0	784.9902	0.0004564931
786.0	786.0074	-0.0003033959
787.0	786.9979	-3.329573e-5
788.0	788.0049	-0.0002540596
789.0	789.0289	-0.00176983
790.0	790.0143	-0.0007820885
791.0	791.0172	-0.0008814874
792.0	791.9812	0.0007736533
793.0	793.0209	-0.001134543
794.0	794.0222	-0.001125878
795.0	794.9846	0.0007748645
796.0	796.0254	-0.001371035
797.0	797.0279	-0.001522392
798.0	797.9916	0.0002748452
799.0	799.0366	-0.002606138
800.0	799.9829	0.001107354
801.0	801.0122	-0.0006864006
802.0	802.0035	-0.0002873689
803.0	803.0184	-0.001571222
804.0	803.9953	0.0001302932
805.0	804.9969	2.910245e-5
806.0	806.0243	-0.00179468
807.0	807.0143	-0.001571506
808.0	808.0312	-0.002682581
809.0	809.0111	0.0002164585
810.0	810.0189	-0.003135636
811.0	810.9904	0.002742145
812.0	811.9909	-0.001471213
813.0	813.023	-0.003261379
814.0	814.0192	-0.003913502
815.0	815.0407	-0.005413882
816.0	815.9771	0.002237435
817.0	817.0263	-0.006246491
818.0	817.9813	0.002465375
819.0	818.9818	-0.001024731
820.0	820.0318	-0.004472761
821.0	820.9866	-0.0006359961
822.0	821.9929	0.0002963024
823.0	822.9786	0.004965497
824.0	824.0186	-0.005022374
825.0	825.0414	-0.007690795
826.0	826.0473	-0.004660358
827.0	827.0359	-0.005567724
828.0	828.0087	-0.004825181
829.0	829.0473	-0.008397687
830.0	829.9933	0.004211706
831.0	831.0071	-0.001675626
832.0	832.0118	-0.001126869
833.0	833.0068	-0.005597189
834.0	834.0124	-0.004808581
835.0	835.013	0.0002979535
836.0	836.0077	-0.003053363
837.0	837.009	-0.003853173
838.0	838.0089	-0.005417081
839.0	839.0098	-0.004174006
840.0	840.0119	-0.005913996
841.0	841.0082	-0.005829549
842.0	842.0098	-0.00331763
843.0	843.0163	-0.00578337
844.0	844.01	-0.007100866
845.0	845.0134	-0.0009161107
846.0	846.0125	-0.003540164
847.0	847.0123	-0.01146211
848.0	848.0133	-0.007497004
849.0	849.0145	-0.01080169
850.0	850.0104	-0.01031658
851.0	851.0084	-0.01314076
852.0	852.0186	-0.006489546
853.0	853.0175	-0.01644344
854.0	854.0215	-0.01066515
855.0	855.0163	-0.008368656
856.0	856.01	-0.01210767
857.0	857.0135	-0.0233887
858.0	858.0079	-0.02027579
859.0	859.0125	-0.0204139
860.0	860.013	-0.02309682
861.0	861.0085	-0.01399104
862.0	862.0062	-0.02655796
863.0	863.0005	-0.02095824
864.0	864.0048	-0.03011734
865.0	864.9952	-0.02232649
866.0	865.9951	-0.02200559
867.0	866.9949	-0.02093502
868.0	867.9991	-0.01363319
869.0	868.9983	-0.01914191
870.0	870.0006	-0.02054818
871.0	871.0002	-0.01939145
872.0	871.9933	-0.0175713
873.0	872.9918	-0.01977119
874.0	873.9974	-0.0160336
875.0	874.9919	-0.01133196
876.0	875.9966	-0.01352463
877.0	876.9946	-0.008560763
878.0	877.9916	-0.01106049
879.0	878.997	-0.0140873
880.0	879.9939	-0.004979181
881.0	880.9961	-0.01255327
882.0	881.9896	-0.01103563
883.0	882.9891	-0.005571855
884.0	883.9964	-0.01093408
885.0	884.9902	-0.01119669
886.0	885.9948	-0.004994365
887.0	886.9956	-0.008615465
888.0	887.9905	-0.01037026
889.0	888.988	-0.003490535
890.0	889.9933	-0.009058209
891.0	890.9905	-0.002204907
892.0	891.9945	-0.006374564
893.0	892.9916	-0.002482639
894.0	893.9939	-0.001670634
895.0	894.9936	-0.008483394
896.0	895.9542	-0.01399247
897.0	897.0231	0.001038743
898.0	897.9897	-0.004637503
899.0	899.0152	0.0009152523
900.0	900.0095	0.002287293
901.0	900.9685	-0.007090471
902.0	901.9671	-0.01140052
903.0	902.9971	-0.001281002
904.0	903.9755	-0.003379012
905.0	904.9568	-0.008723366
906.0	905.983	-0.00867456
907.0	907.0049	-0.003533046
908.0	907.9606	-0.01145276
909.0	909.0014	-0.001414391
910.0	909.9847	-0.002982142
911.0	910.9819	-0.00242398
912.0	911.9909	-0.004035369
913.0	913.0065	-0.002246375
914.0	914.0235	0.00494614
915.0	914.9749	-0.009728681
916.0	915.9823	-0.002619172
917.0	916.9784	-0.005199243
918.0	918.0186	0.001635808
919.0	918.9736	-0.009927126
920.0	920.0214	0.0012824
921.0	920.975	-0.006957474
922.0	922.0089	0.003003317
923.0	922.9996	0.0005516752
924.0	924.0012	-0.003248695
925.0	925.0064	0.001233054
926.0	926.0129	9.650402e-5
927.0	927.0144	0.001848017
928.0	928.0082	-0.002352142
929.0	928.9888	-0.004949322
930.0	930.0076	-0.0001535841
931.0	931.0065	-0.002269072
932.0	931.9813	-0.004774549
933.0	932.9825	-0.003350259
934.0	934.006	0.001840356
935.0	934.9969	-0.002913657
936.0	936.0229	0.004138199
937.0	937.0185	-0.0001438819
938.0	938.0221	0.00153865
939.0	938.984	-0.005494968
940.0	940.0053	-0.0002092376
941.0	940.9861	-0.005859645
942.0	941.9757	-0.004762402
943.0	942.9761	-0.007797174
944.0	943.9859	-0.005848324
945.0	945.0054	0.0002152785
946.0	945.9871	-0.004981489
947.0	946.9796	-0.007914848
948.0	947.9824	-0.004486992
949.0	948.9968	-0.0002708805
950.0	950.0231	0.004084234
951.0	951.0131	0.002344637
952.0	952.0153	0.003970555
953.0	952.984	-0.006972476
954.0	954.0117	-0.0004825822
955.0	955.005	0.001440321
956.0	956.0134	-0.0003628053
957.0	956.988	-0.003612653
958.0	957.9777	-0.007114577
959.0	958.9817	-0.006703874
960.0	960.0004	-0.002800755
961.0	960.9879	-0.002871219
962.0	961.9924	-0.004913412
963.0	963.0116	-0.0003083946
964.0	964.0018	-0.001287966
965.0	965.0016	3.905823e-5
966.0	966.0171	0.002219914
967.0	966.9791	-0.005563972
968.0	968.02	0.00426894
969.0	969.0073	0.002588377
970.0	969.987	-0.007604297
971.0	970.9977	-0.001117158
972.0	971.999	2.912391e-5
973.0	972.9913	-0.004855786
974.0	974.015	0.001350828
975.0	974.985	-0.004944394
976.0	975.9877	-0.005422419
977.0	977.0212	0.003914704
978.0	978.0017	-0.001541373
979.0	979.013	0.001775249
980.0	980.0126	0.003188349
981.0	981.0022	-0.002013949
982.0	982.0208	0.004462271
983.0	982.9882	-0.007605921
984.0	983.9845	-0.008952401
985.0	985.0095	0.0002524168
986.0	985.9827	-0.007085104
987.0	986.9863	-0.008671429
988.0	988.0168	0.003184634
989.0	988.9968	-0.00334163
990.0	990.0054	-0.001141997
991.0	991.0026	-0.002560815
992.0	991.9889	-0.008111345
993.0	993.0022	-0.001994835
994.0	994.0047	-0.0007436153
995.0	994.9969	-0.004809784
996.0	996.0144	0.005694719
997.0	996.9892	-0.01045998
998.0	998.001	-0.006342339
999.0	999.0099	0.003191643
1000.0	999.9791	0.00103118
