376.0	376.0694	-0.0001104267
377.0	377.0878	-0.0001006146
378.0	378.075	-0.0001101531
379.0	379.0614	-0.0001172953
380.0	380.0778	-0.0001096341
381.0	381.0628	-0.0001185991
382.0	382.0778	-0.0001100856
383.0	383.0616	-0.0001214853
384.0	384.0752	-0.0001127412
385.0	385.0881	-0.0001056685
386.0	386.0697	-0.000115796
387.0	387.0813	-0.0001094438
388.0	388.0615	-0.0001235797
389.0	389.0716	-0.0001155374
390.0	390.081	-0.0001130293
391.0	391.0897	-0.0001070564
392.0	392.0671	-0.0001220416
393.0	393.0743	-0.0001157041
394.0	394.0809	-0.0001125154
395.0	395.0866	-0.0001095935
396.0	396.0917	-0.0001071109
397.0	397.0938	-0.0001085202
398.0	398.0924	-0.000111795
399.0	399.0902	-0.0001179356
400.0	400.0872	-0.0001202045
401.0	401.0833	-0.0001271045
402.0	402.0787	-0.0001318892
403.0	403.0731	-0.0001399994
404.0	404.0668	-0.0001477278
405.0	405.09	-0.000136492
406.0	406.082	-0.0001441293
407.0	407.0731	-0.0001554617
408.0	408.0937	-0.0001416224
409.0	409.0831	-0.0001548666
410.0	410.0716	-0.0001666988
411.0	411.0897	-0.0001562065
412.0	412.0765	-0.0001718508
413.0	413.0928	-0.0001629655
414.0	414.0778	-0.0001765338
415.0	415.0923	-0.0001694128
416.0	416.0756	-0.0001871311
417.0	417.0883	-0.0001758086
418.0	418.0698	-0.000197774
419.0	419.0807	-0.0002066031
420.0	420.0907	-0.0001968423
421.0	421.0998	-0.0001980836
422.0	422.0776	-0.0002069712
423.0	423.0849	-0.0001979823
424.0	424.0912	-0.0001976611
425.0	425.0966	-0.0002052122
426.0	426.1007	-0.0002005927
427.0	427.0733	-0.0002336078
428.0	428.0751	-0.000234749
429.0	429.0761	-0.0002326234
430.0	430.076	-0.0002565999
431.0	431.075	-0.0002451957
432.0	432.1033	-0.0002256036
433.0	433.1003	-0.0002309821
434.0	434.0964	-0.000258706
435.0	435.0914	-0.0002775661
436.0	436.0855	-0.000286611
437.0	437.0786	-0.0002848822
438.0	438.1008	-0.0002661345
439.0	439.0919	-0.000299848
440.0	440.0819	-0.0002896308
441.0	441.1012	-0.0002880236
442.0	442.0892	-0.0003072447
443.0	443.1063	-0.0003017533
444.0	444.0923	-0.0003161311
445.0	445.0772	-0.0003419027
446.0	446.0912	-0.0003382044
447.0	447.1041	-0.0003125295
448.0	448.0859	-0.0003349085
449.0	449.0968	-0.0003530836
450.0	450.1065	-0.00034606
451.0	451.0851	-0.0003855364
452.0	452.0927	-0.0003555657
453.0	453.0993	-0.0003573428
454.0	454.1047	-0.0003596244
455.0	455.1101	-0.0003658922
456.0	456.0857	-0.0004005821
457.0	457.0904	-0.0004170054
458.0	458.0939	-0.0003988865
459.0	459.0965	-0.0004052248
460.0	460.0979	-0.0004048014
461.0	461.0982	-0.0004265035
462.0	462.0975	-0.0004391115
463.0	463.0956	-0.0004414552
464.0	464.0927	-0.000462373
465.0	465.0886	-0.000470645
466.0	466.0835	-0.0004950769
467.0	467.1072	-0.0004518197
468.0	468.0998	-0.0004742369
469.0	469.0913	-0.0005091161
470.0	470.1116	-0.000470594
471.0	471.1008	-0.0004959952
472.0	472.0889	-0.0005300827
473.0	473.1058	-0.0005148777
474.0	474.0915	-0.0005617933
475.0	475.1061	-0.0005255007
476.0	476.0896	-0.0005800408
477.0	477.1018	-0.0005473439
478.0	478.1128	-0.0005439938
479.0	479.0927	-0.0005996738
480.0	480.1014	-0.0005918478
481.0	481.1089	-0.0005793768
482.0	482.1151	-0.0005907501
483.0	483.0903	-0.000658586
484.0	484.0941	-0.0006544525
485.0	485.0968	-0.0006400901
486.0	486.0982	-0.0006737483
487.0	487.1131	-0.0006437438
488.0	488.096	-0.0006672837
489.0	489.1072	-0.0006572082
490.0	490.1169	-0.0006204449
491.0	491.0952	-0.0006834041
492.0	492.1018	-0.0006836206
493.0	493.1069	-0.0006580844
494.0	494.1104	-0.0006666439
495.0	495.1124	-0.0006798378
496.0	496.1128	-0.0006682486
497.0	497.1116	-0.0006619516
498.0	498.1088	-0.0006909858
499.0	499.1044	-0.000696241
500.0	500.0984	-0.0007077742
501.0	501.1205	-0.0006588228
502.0	502.1113	-0.0006838727
503.0	503.1005	-0.0007162231
504.0	504.1176	-0.0006889686
505.0	505.1035	-0.0007369208
506.0	506.1173	-0.0006962499
507.0	507.0998	-0.0007316259
508.0	508.1103	-0.0007382766
509.0	509.119	-0.000695096
510.0	510.1261	-0.000691293
511.0	511.1018	-0.0007652152
512.0	512.1054	-0.0007525719
513.0	513.1073	-0.0007508766
514.0	514.1074	-0.0007605254
515.0	515.1057	-0.0007523838
516.0	516.1117	-0.0007541232
517.0	517.1163	-0.0007601917
518.0	518.1193	-0.0007734451
519.0	519.1206	-0.0007915979
520.0	520.1202	-0.0008123458
521.0	521.1183	-0.0008333663
522.0	522.1146	-0.0008523177
523.0	523.1093	-0.0008668396
524.0	524.1318	-0.0008277378
525.0	525.1231	-0.0008841054
526.0	526.1128	-0.0008993768
527.0	527.1301	-0.0008801324
528.0	528.1163	-0.0009225226
529.0	529.1302	-0.0009233381
530.0	530.113	-0.0009827734
531.0	531.1234	-0.0009640964
532.0	532.1321	-0.0009459788
533.0	533.1096	-0.001040568
534.0	534.1148	-0.001046076
535.0	535.1181	-0.001044213
536.0	536.1196	-0.001061607
537.0	537.1194	-0.001095522
538.0	538.1173	-0.00111391
539.0	539.1134	-0.001143299
540.0	540.137	-0.001087876
541.0	541.1294	-0.001129715
542.0	542.12	-0.001174064
543.0	543.1379	-0.001121661
544.0	544.1248	-0.001190463
545.0	545.139	-0.001183575
546.0	546.1221	-0.001235834
547.0	547.1394	-0.001207734
548.0	548.1346	-0.001238657
549.0	549.1272	-0.00125534
550.0	550.1171	-0.001316494
551.0	551.1334	-0.001263068
552.0	552.1179	-0.001326754
553.0	553.1287	-0.001305501
554.0	554.1367	-0.001271794
555.0	555.142	-0.001255176
556.0	556.1444	-0.001256081
557.0	557.1439	-0.001274956
558.0	558.1406	-0.001283225
559.0	559.1344	-0.001339417
560.0	560.1253	-0.001356967
561.0	561.1422	-0.001320653
562.0	562.1273	-0.001378299
563.0	563.1383	-0.001353782
564.0	564.1463	-0.001321406
565.0	565.1223	-0.001413989
566.0	566.1242	-0.001425539
567.0	567.1231	-0.001430888
568.0	568.1477	-0.001355736
569.0	569.1404	-0.00140803
570.0	570.1298	-0.001455868
571.0	571.145	-0.001395687
572.0	572.1281	-0.001465169
573.0	573.1369	-0.001456404
574.0	574.1423	-0.001445409
575.0	575.1445	-0.001432854
576.0	576.1476	-0.001428312
577.0	577.1523	-0.001442095
578.0	578.1537	-0.001464738
579.0	579.1519	-0.001464679
580.0	580.1469	-0.001525142
581.0	581.1386	-0.001557095
582.0	582.1558	-0.001533529
583.0	583.1409	-0.001584754
584.0	584.1514	-0.001572673
585.0	585.1585	-0.00157559
586.0	586.1337	-0.001675238
587.0	587.134	-0.00169955
588.0	588.1595	-0.00164266
589.0	589.1529	-0.001673732
590.0	590.1428	-0.001732237
591.0	591.1578	-0.001696925
592.0	592.1407	-0.001799238
593.0	593.1485	-0.001770586
594.0	594.1527	-0.001782306
595.0	595.1533	-0.001802363
596.0	596.1502	-0.001855597
597.0	597.1435	-0.001909928
598.0	598.1614	-0.001837358
599.0	599.1472	-0.001938648
600.0	600.1576	-0.001903602
601.0	601.1641	-0.001909423
602.0	602.1669	-0.001923835
603.0	603.1657	-0.001942891
604.0	604.1607	-0.001990886
605.0	605.1537	-0.002041745
606.0	606.1454	-0.002146712
607.0	607.1613	-0.002085727
608.0	608.1451	-0.002091883
609.0	609.1531	-0.002175835
610.0	610.1571	-0.002184373
611.0	611.157	-0.002113407
612.0	612.1529	-0.002240214
613.0	613.1729	-0.002139501
614.0	614.1605	-0.00236569
615.0	615.1721	-0.002353346
616.0	616.1514	-0.002379981
617.0	617.1546	-0.0024377
618.0	618.1535	-0.002382642
619.0	619.1761	-0.002344607
620.0	620.1663	-0.002329056
621.0	621.1522	-0.002466403
622.0	622.1616	-0.00260225
623.0	623.1666	-0.00259884
624.0	624.167	-0.002451373
625.0	625.163	-0.00271292
626.0	626.1544	-0.002541089
627.0	627.1691	-0.002612285
628.0	628.1791	-0.00251611
629.0	629.1566	-0.002682926
630.0	630.1572	-0.002793553
631.0	631.1809	-0.00283855
632.0	632.172	-0.002852627
633.0	633.1582	-0.00294929
634.0	634.1673	-0.002959106
635.0	635.1715	-0.00303686
636.0	636.168	-0.002963835
637.0	637.1736	-0.002887938
638.0	638.1726	-0.003067746
639.0	639.165	-0.002952057
640.0	640.1783	-0.002928154
641.0	641.1849	-0.002887758
642.0	642.1846	-0.003107958
643.0	643.1774	-0.003039628
644.0	644.1908	-0.003067459
645.0	645.1696	-0.003252914
646.0	646.1688	-0.003262585
647.0	647.1883	-0.003097858
648.0	648.173	-0.003096837
649.0	649.1778	-0.003198711
650.0	650.1752	-0.003299626
651.0	651.1924	-0.003232884
652.0	652.1747	-0.003338211
653.0	653.1766	-0.003280004
654.0	654.198	-0.003060092
655.0	655.1843	-0.003291382
656.0	656.1898	-0.003364918
657.0	657.1874	-0.003180987
658.0	658.204	-0.003115517
659.0	659.1853	-0.003238975
660.0	660.1854	-0.003484798
661.0	661.2042	-0.003313637
662.0	662.1875	-0.003339667
663.0	663.1892	-0.003494974
664.0	664.2092	-0.003242094
665.0	665.201	-0.003434653
666.0	666.2109	-0.003298387
667.0	667.1863	-0.003712777
668.0	668.2077	-0.003608412
669.0	669.1946	-0.003764611
670.0	670.2006	-0.003550885
671.0	671.1986	-0.0036676
672.0	672.2154	-0.003654386
673.0	673.1974	-0.003860167
674.0	674.198	-0.003910172
675.0	675.217	-0.003788208
676.0	676.2011	-0.004118047
677.0	677.2034	-0.003982237
678.0	678.1973	-0.004086486
679.0	679.2091	-0.00422601
680.0	680.2123	-0.004045103
681.0	681.2067	-0.004326931
682.0	682.2188	-0.004330959
683.0	683.2219	-0.004237062
684.0	684.216	-0.004296014
685.0	685.2273	-0.004292127
686.0	686.2294	-0.0044086
687.0	687.2222	-0.004630494
688.0	688.2055	-0.004679597
689.0	689.2319	-0.004651041
690.0	690.2224	-0.004622092
691.0	691.2293	-0.004684467
692.0	692.2264	-0.004767201
693.0	693.2136	-0.005115489
694.0	694.2169	-0.004972536
695.0	695.236	-0.00483893
696.0	696.2188	-0.005131786
697.0	697.2187	-0.005364558
698.0	698.2365	-0.005231096
699.0	699.2405	-0.005449779
700.0	700.2307	-0.005697077
701.0	701.2329	-0.005668259
702.0	702.2208	-0.006046571
703.0	703.2461	-0.006006427
704.0	704.2309	-0.006212489
705.0	705.2267	-0.006348584
706.0	706.2333	-0.006584807
707.0	707.2504	-0.006574563
708.0	708.252	-0.006755698
709.0	709.2381	-0.007049
710.0	710.2339	-0.007092104
711.0	711.2393	-0.007298469
712.0	712.2539	-0.007312031
713.0	713.252	-0.007581604
714.0	714.2588	-0.007715462
715.0	715.2487	-0.007913021
716.0	716.2468	-0.008274921
717.0	717.2527	-0.008434319
718.0	718.2663	-0.008528537
719.0	719.2619	-0.008766925
720.0	720.2645	-0.008962872
721.0	721.2486	-0.009330821
722.0	722.2643	-0.00932161
723.0	723.2611	-0.009738526
724.0	724.2635	-0.009857445
725.0	725.2715	-0.01004091
726.0	726.2562	-0.01056772
727.0	727.2618	-0.01050416
728.0	728.2625	-0.01093138
729.0	729.2825	-0.01082439
730.0	730.2717	-0.01128217
731.0	731.2788	-0.01138243
732.0	732.2785	-0.01158919
733.0	733.2701	-0.01198003
734.0	734.2774	-0.01222314
735.0	735.2752	-0.01253182
736.0	736.2871	-0.01255244
737.0	737.288	-0.01298233
738.0	738.3013	-0.01295641
739.0	739.302	-0.0134089
740.0	740.2893	-0.0138835
741.0	741.3106	-0.01376807
742.0	742.2927	-0.01461116
743.0	743.3068	-0.01460653
744.0	744.304	-0.01510231
745.0	745.3072	-0.01538379
746.0	746.3154	-0.01564695
747.0	747.3037	-0.0163074
748.0	748.3187	-0.01636668
749.0	749.3118	-0.01692995
750.0	750.3291	-0.01718712
751.0	751.3223	-0.01776833
752.0	752.3372	-0.0180489
753.0	753.3257	-0.01865655
754.0	754.3334	-0.01914501
755.0	755.3275	-0.01972192
756.0	756.3325	-0.02023253
757.0	757.3518	-0.02040399
758.0	758.3377	-0.02130286
759.0	759.3579	-0.0215465
760.0	760.3418	-0.02248636
761.0	761.3565	-0.02288649
762.0	762.3547	-0.02353236
763.0	763.3574	-0.02353708
764.0	764.3628	-0.02412166
765.0	765.3691	-0.02556516
766.0	766.3743	-0.02721825
767.0	767.3763	-0.02617631
768.0	768.3734	-0.02845157
769.0	769.3854	-0.02823451
770.0	770.3881	-0.0298068
771.0	771.4013	-0.02952944
772.0	772.4005	-0.03159231
773.0	773.4053	-0.03227883
774.0	774.4132	-0.03285262
775.0	775.4216	-0.03451384
776.0	776.4276	-0.03623318
777.0	777.4284	-0.0369462
778.0	778.4213	-0.03769895
779.0	779.4247	-0.0387793
780.0	780.4353	-0.04106294
781.0	781.4497	-0.04322574
782.0	782.4434	-0.04460638
783.0	783.4551	-0.04658387
784.0	784.4601	-0.04833631
785.0	785.4754	-0.0496396
786.0	786.4784	-0.05122911
787.0	787.4867	-0.05550538
788.0	788.498	-0.05756975
789.0	789.5062	-0.06210005
790.0	790.5048	-0.06515786
791.0	791.5077	-0.06973611
792.0	792.5278	-0.0742002
793.0	793.5375	-0.08014818
794.0	794.5495	-0.08493389
795.0	795.5557	-0.09218452
796.0	796.5678	-0.0980028
797.0	797.5771	-0.1046752
798.0	798.5942	-0.11276
799.0	799.6097	-0.1210254
800.0	800.614	-0.1313062
801.0	801.6354	-0.1405288
802.0	802.6443	-0.1534276
803.0	803.6676	-0.1648123
804.0	804.675	-0.1791032
805.0	805.6922	-0.1943269
806.0	806.7067	-0.2111849
807.0	807.7242	-0.2296723
808.0	808.7312	-0.2511628
809.0	809.7503	-0.2748752
810.0	810.7848	-0.3011161
811.0	811.8012	-0.3305415
812.0	812.8196	-0.363629
813.0	813.8236	-0.4008554
814.0	814.8486	-0.4421083
815.0	815.8739	-0.4902152
816.0	816.8836	-0.5517205
817.0	817.8956	-0.6227402
818.0	818.9007	-0.6999697
819.0	819.9055	-0.7916138
820.0	820.8972	-0.8920491
821.0	821.8787	-1.013311
822.0	822.8488	-1.144538
823.0	823.7883	-1.302972
824.0	824.7048	-1.466899
825.0	825.5865	-1.645717
826.0	826.4151	-1.849165
827.0	827.1805	-2.060107
828.0	827.8645	-2.274833
829.0	828.456	-2.465521
830.0	828.9357	-2.626372
831.0	829.2632	-2.741414
832.0	829.408	-2.737325
833.0	829.3778	-2.583899
834.0	829.1385	-2.187983
835.0	828.663	-1.479544
836.0	827.9661	-0.3413971
837.0	827.0629	1.352726
838.0	826.0261	3.747849
839.0	824.919	6.956724
840.0	823.8742	11.16908
841.0	823.0355	16.52868
842.0	822.6139	23.0906
843.0	822.9227	31.03362
844.0	824.2219	40.26242
845.0	826.8989	50.81455
846.0	831.331	62.50088
847.0	839.5481	77.82331
848.0	852.9761	95.31371
849.0	871.2043	112.141
850.0	893.691	127.001
851.0	919.5171	139.038
852.0	948.273	146.5882
853.0	977.656	150.8781
854.0	1007.2039	151.10728
855.0	1035.9214	148.03453
856.0	1063.2241	142.57799
857.0	1088.4952	136.34246
858.0	1112.4316	128.61781
859.0	1134.3853	121.37649
860.0	1155.3607	113.58526
861.0	1174.8406	106.80256
862.0	1193.5912	100.34264
863.0	1211.3553	95.412942
864.0	1228.3713	92.350441
865.0	1245.4862	89.834103
866.0	1262.137	89.907434
867.0	1278.7148	92.263534
868.0	1296.3365	95.916136
869.0	1314.0339	102.90683
870.0	1333.161	112.04479
871.0	1353.7263	123.87218
872.0	1375.9195	138.99016
873.0	1400.8603	156.63169
874.0	1428.16	177.77935
875.0	1459.2252	201.78114
876.0	1498.4649	234.01383
877.0	1545.3668	273.27418
878.0	1599.8726	317.10699
879.0	1663.5983	364.48587
880.0	1.5451	2.5436
881.0	2.383	-0.40404
882.0	1.5156	1.21
883.0	3.0277	0.14117
884.0	2.0089	1.1248
885.0	0.54559	2.2044
886.0	0.4762	-1.7004
887.0	0.36002	-0.48935
888.0	0.92161	-0.55404
889.0	0.86549	0.059914
890.0	0.077783	0.75923
891.0	0.66859	0.6396
892.0	0.6901	0.74211
893.0	0.57026	0.66632
894.0	0.12005	-0.313
895.0	0.33868	0.083969
896.0	0.28967	0.047106
897.0	0.040252	-0.30155
898.0	0.11917	0.012842
899.0	0.051253	-0.1202
900.0	0.051924	0.087312
901.0	0.063716	0.0085724
902.0	0.012757	-0.045957
903.0	0.031707	-0.035318
904.0	0.03205	0.0050324
905.0	0.0024671	0.0035087
906.0	0.014519	-0.010405
907.0	0.002796	0.0016555
908.0	0.054843	-0.022193
909.0	0.021538	0.02601
910.0	0.056828	-0.0094965
911.0	0.041032	2.901e-5
912.0	0.010852	-0.10857
913.0	0.051612	-0.055638
914.0	0.069787	-0.0135
915.0	0.0044153	-0.0033483
916.0	0.061839	-0.13434
917.0	0.09479	-0.15051
918.0	0.22311	0.0043136
919.0	0.077169	-0.29006
920.0	0.29396	0.060714
921.0	0.38356	-0.20293
922.0	0.27785	0.32229
923.0	0.25619	0.23435
924.0	0.44163	0.21403
925.0	0.58414	0.71468
926.0	0.2994	0.3596
927.0	0.025299	-1.2633
928.0	0.056072	0.79996
929.0	0.22149	-0.52239
930.0	1.5991	-0.087558
931.0	2.2668	-0.45337
932.0	2.5605	0.5065
933.0	1.9854	-2.3319
934.0	5.6841	-2.3314
935.0	5.2156	1.8177
936.0	877.40988	919.033
937.0	837.69622	911.04631
938.0	798.57189	898.32749
939.0	760.73651	891.26794
940.0	723.50055	879.91247
941.0	686.73528	864.28742
942.0	651.57914	855.41835
943.0	616.93756	842.76883
944.0	582.679	826.37875
945.0	547.4014	813.6643
946.0	519.9244	798.8469
947.0	488.4788	783.9656
948.0	452.7413	769.4823
949.0	421.5127	748.6593
950.0	389.3254	733.3472
951.0	361.0732	720.3544
952.0	14.6999	1.06002
953.0	9.3499	-0.31866
954.0	18.778	-1.79135
955.0	11.4715	0.59157
956.0	3.3065	0.47428
957.0	13.3655	-1.10035
958.0	7.097	0.14752
959.0	4.7714	0.18745
960.0	9.9342	-0.039125
961.0	3.2051	0.135
962.0	0.011643	0.015204
963.0	3.7154	-0.33298
964.0	7.8107	0.38771
965.0	0.025302	0.0069366
966.0	2.665	-1.747
967.0	21.5748	-0.917774
968.0	174.4159	-473.5488
969.0	205.3202	-474.1108
970.0	239.6239	-477.1905
971.0	268.4807	-483.4611
972.0	299.224	-484.0198
973.0	324.6201	-487.1452
974.0	351.9881	-492.186
975.0	373.9584	-491.9839
976.0	404.3997	-493.8953
977.0	422.6038	-497.1829
978.0	448.5039	-502.3285
979.0	469.2571	-502.4462
980.0	491.2632	-498.1954
981.0	513.4355	-501.6754
982.0	530.7223	-500.3776
983.0	554.0751	-501.1511
984.0	572.5142	-497.4602
985.0	590.5795	-500.7302
986.0	609.6624	-494.8736
987.0	628.0956	-495.7906
988.0	641.793	-492.5763
989.0	660.2432	-491.3692
990.0	673.9202	-486.3062
991.0	691.9689	-483.2846
992.0	704.7791	-481.2983
993.0	722.0862	-476.6525
994.0	734.1891	-473.1325
995.0	750.0712	-471.5289
996.0	765.5194	-467.0546
997.0	773.1072	-465.6209
998.0	783.184	-463.451
999.0	789.2629	-460.1765
1000.0	799.424	-460.6123
