1000.0	1001.0285	0.15910464
999.0	1000.025	0.14405655
998.0	999.003	0.1419538
997.0	998.0044	0.1356667
996.0	996.983	0.09841705
995.0	995.9586	0.05743228
994.0	994.9494	0.03595762
993.0	993.9248	0.02164416
992.0	992.9267	-0.003424458
991.0	991.8808	-0.03410682
990.0	990.8909	-0.06332045
989.0	989.8512	-0.09831161
988.0	988.8539	-0.1007217
987.0	987.8174	-0.1401204
986.0	986.7907	-0.1595663
985.0	985.7733	-0.158699
984.0	984.7454	-0.1822455
983.0	983.7384	-0.2175621
982.0	982.7062	-0.2453134
981.0	981.6804	-0.2520799
980.0	980.6736	-0.2704202
979.0	979.6389	-0.2803573
978.0	978.6178	-0.291737
977.0	977.5747	-0.3142901
976.0	976.5411	-0.331306
975.0	975.5163	-0.3425098
974.0	974.5	-0.3476008
973.0	973.4928	-0.3497305
972.0	972.4591	-0.3618948
971.0	971.4331	-0.3705358
970.0	970.414	-0.3753129
969.0	969.3643	-0.3855515
968.0	968.3587	-0.3850436
967.0	967.3207	-0.3891462
966.0	966.2896	-0.3950334
965.0	965.2622	-0.3949547
964.0	964.2427	-0.4021844
963.0	963.2257	-0.4091989
962.0	962.1811	-0.4228227
961.0	961.1855	-0.4202179
960.0	960.1606	-0.4251414
959.0	959.1052	-0.4382317
958.0	958.0973	-0.4361147
957.0	957.0568	-0.4430805
956.0	956.0619	-0.431412
955.0	955.0324	-0.4296643
954.0	953.9678	-0.4425133
953.0	952.9468	-0.4376111
952.0	951.9266	-0.4253973
951.0	950.9092	-0.4143774
950.0	949.8936	-0.4049377
949.0	948.8333	-0.4038526
948.0	947.8146	-0.3901294
947.0	946.7926	-0.3745782
946.0	945.766	-0.3574003
945.0	944.7333	-0.3387717
944.0	943.6945	-0.3233099
943.0	942.6931	-0.295796
942.0	941.6815	-0.2671801
941.0	940.6595	-0.2421232
940.0	939.6235	-0.2161003
939.0	938.6216	-0.182682
938.0	937.6023	-0.1481658
937.0	936.5662	-0.1220316
936.0	935.558	-0.08342544
935.0	934.5038	-0.06920022
934.0	933.4068	-0.07917033
933.0	932.3095	-0.08434894
932.0	931.2244	-0.07807134
931.0	930.1181	-0.0826642
930.0	928.9514	-0.1079327
929.0	927.8393	-0.1050583
928.0	926.6491	-0.1424581
927.0	925.491	-0.1544022
926.0	924.2843	-0.1926512
925.0	923.0427	-0.2485002
924.0	921.7815	-0.3151704
923.0	920.5178	-0.387673
922.0	919.1619	-0.5164865
921.0	917.8316	-0.6387797
920.0	916.4367	-0.811695
919.0	915.0357	-0.9962803
918.0	913.5925	-1.2327
917.0	912.1114	-1.520949
916.0	910.6009	-1.871748
915.0	909.0141	-2.309785
914.0	907.4226	-2.81719
913.0	905.784	-3.407121
912.0	904.1266	-4.112901
911.0	902.4841	-4.966763
910.0	900.791	-5.929103
909.0	899.0801	-7.049267
908.0	897.3901	-8.378772
907.0	895.6579	-9.91177
906.0	893.9771	-11.76546
905.0	892.3968	-14.04206
904.0	891.3653	-16.12223
903.0	891.292	-16.97788
902.0	891.3451	-17.74316
901.0	891.4718	-18.3749
900.0	891.7193	-18.86942
899.0	892.0214	-19.18326
898.0	892.3036	-19.28829
897.0	892.5915	-19.18491
896.0	892.7971	-18.87002
895.0	892.8812	-18.3714
894.0	892.7627	-17.69718
893.0	892.4056	-16.91904
892.0	891.7417	-16.0808
891.0	890.8508	-15.29427
890.0	889.6836	-14.61806
889.0	888.2482	-14.12943
888.0	886.6091	-13.91004
887.0	884.8895	-14.01516
886.0	883.1678	-14.48379
885.0	881.5324	-15.31015
884.0	880.1177	-16.46823
883.0	879.0101	-17.89687
882.0	878.2883	-19.50775
881.0	878.0181	-21.18737
880.0	878.1576	-22.80149
879.0	878.7664	-24.23775
878.0	879.7052	-25.37152
877.0	880.9364	-26.1156
876.0	882.3163	-26.41996
875.0	883.5853	-26.30418
874.0	884.547	-25.93804
873.0	885.4336	-25.28595
872.0	886.1988	-24.39697
871.0	886.7372	-23.29149
870.0	887.0702	-22.03634
869.0	887.1945	-20.67953
868.0	887.1168	-19.26345
867.0	886.8138	-17.81993
866.0	886.3399	-16.39048
865.0	885.7151	-14.99403
864.0	884.9224	-13.64027
863.0	883.9798	-12.34005
862.0	882.9367	-11.10905
861.0	881.8036	-9.950268
860.0	880.5876	-8.861957
859.0	879.2569	-7.847921
858.0	877.8468	-6.910069
857.0	876.3872	-6.065933
856.0	874.8088	-5.313481
855.0	873.2079	-4.680885
854.0	871.5527	-4.183153
853.0	869.8525	-3.833493
852.0	868.1561	-3.652244
851.0	866.5207	-3.652063
850.0	864.9811	-3.815518
849.0	863.606	-4.115179
848.0	862.4332	-4.494747
847.0	861.4967	-4.88084
846.0	860.7306	-5.150833
845.0	860.0144	-5.266975
844.0	859.3768	-5.266809
843.0	858.7604	-5.141366
842.0	858.0764	-4.890815
841.0	857.3396	-4.553152
840.0	856.5045	-4.162942
839.0	855.5771	-3.758551
838.0	854.5879	-3.374856
837.0	853.5144	-3.026039
836.0	852.4168	-2.722957
835.0	851.3048	-2.46384
834.0	850.193	-2.237463
833.0	849.0725	-2.039691
832.0	847.9653	-1.864902
831.0	846.845	-1.703556
830.0	845.7642	-1.558361
829.0	844.6496	-1.418558
828.0	843.5802	-1.295317
827.0	842.4846	-1.176794
826.0	841.3913	-1.065214
825.0	840.3273	-0.9636893
824.0	839.2456	-0.8648185
823.0	838.1955	-0.7773015
822.0	837.1294	-0.6929759
821.0	836.0716	-0.612725
820.0	835.0209	-0.5397467
819.0	833.9533	-0.4681287
818.0	832.9138	-0.4050173
817.0	831.8778	-0.3422832
816.0	830.843	-0.2854054
815.0	829.8075	-0.2307611
814.0	828.7812	-0.185193
813.0	827.7441	-0.1418499
812.0	826.7224	-0.1014404
811.0	825.7143	-0.06328898
810.0	824.696	-0.02517012
809.0	823.6872	0.009692976
808.0	822.686	0.0440208
807.0	821.6692	0.0777174
806.0	820.6771	0.1082857
805.0	819.6862	0.1377621
804.0	818.6946	0.166628
803.0	817.7002	0.1933008
802.0	816.7011	0.2223252
801.0	815.7151	0.2467352
800.0	814.74	0.27112
799.0	813.7732	0.2939873
798.0	812.7926	0.3170791
797.0	811.8157	0.3396285
796.0	810.8596	0.3609772
795.0	809.8828	0.382049
794.0	808.9216	0.4010816
793.0	807.9731	0.4186851
792.0	807.0161	0.4383873
791.0	806.0478	0.4569313
790.0	805.1031	0.4728878
789.0	804.1605	0.4879347
788.0	803.2174	0.5045213
787.0	802.2892	0.5187063
786.0	801.3368	0.5329947
785.0	800.3998	0.5502608
784.0	799.4593	0.5678076
783.0	798.5208	0.5863886
782.0	797.5824	0.6042173
781.0	796.6423	0.6230376
780.0	795.7158	0.6403034
779.0	794.7837	0.6585824
778.0	793.8441	0.6778769
777.0	792.9292	0.6966866
776.0	792.0026	0.7149237
775.0	791.0795	0.7336073
774.0	790.1578	0.7511703
773.0	789.2521	0.7703744
772.0	788.3436	0.7887569
771.0	787.4303	0.8064978
770.0	786.5266	0.8247768
769.0	785.6142	0.8428451
768.0	784.7233	0.8613297
767.0	783.8197	0.8801575
766.0	782.9175	0.8990398
765.0	782.0304	0.9162039
764.0	781.1408	0.9342384
763.0	780.2623	0.9514841
762.0	779.3774	0.9705354
761.0	778.4998	0.9882999
760.0	777.6122	1.005857
759.0	776.7439	1.022949
758.0	775.8776	1.039218
757.0	774.9965	1.057331
756.0	774.1298	1.074242
755.0	773.2757	1.089366
754.0	772.42	1.105385
753.0	771.5574	1.121158
752.0	770.7051	1.136593
751.0	769.8471	1.151544
750.0	768.9976	1.165425
749.0	768.1559	1.179477
748.0	767.3066	1.192152
747.0	766.4645	1.204599
746.0	765.6294	1.216727
745.0	764.8013	1.227014
744.0	763.9658	1.238438
743.0	763.1235	1.24799
742.0	762.3047	1.255763
741.0	761.466	1.264662
740.0	760.653	1.272036
739.0	759.823	1.277679
738.0	759.0073	1.283413
737.0	758.1782	1.287484
736.0	757.3677	1.291855
735.0	756.5486	1.294612
734.0	755.7387	1.296012
733.0	754.9112	1.296803
732.0	754.0992	1.296057
731.0	753.2913	1.294742
730.0	752.4763	1.293638
729.0	751.6734	1.289833
728.0	750.8564	1.286365
727.0	750.0449	1.281645
726.0	749.2436	1.275009
725.0	748.4204	1.266314
724.0	747.5797	1.252818
723.0	746.7329	1.238183
722.0	745.8985	1.222886
721.0	745.0638	1.207489
720.0	744.2158	1.192434
719.0	743.3734	1.176468
718.0	742.5397	1.159105
717.0	741.6855	1.142953
716.0	740.8462	1.125849
715.0	740.0086	1.109541
714.0	739.1594	1.092437
713.0	738.318	1.074649
712.0	737.4876	1.058719
711.0	736.6378	1.04028
710.0	735.788	1.022727
709.0	734.9413	1.005167
708.0	734.1006	0.9883903
707.0	733.2516	0.9704638
706.0	732.4143	0.9548833
705.0	731.5566	0.9369272
704.0	730.7161	0.9211275
703.0	729.8601	0.9044798
702.0	729.009	0.8869783
701.0	728.1653	0.8712426
700.0	727.3132	0.8552682
699.0	726.4735	0.8409484
698.0	725.6114	0.8252473
697.0	724.7663	0.8092462
696.0	723.9119	0.7986995
695.0	723.0626	0.7921425
694.0	722.1473	0.7850152
693.0	721.2447	0.7752884
692.0	720.3562	0.7684261
691.0	719.4835	0.7621122
690.0	718.6283	0.7579663
689.0	717.7925	0.7536207
688.0	716.9777	0.7507069
687.0	715.9802	0.7400743
686.0	715.2107	0.7389095
685.0	714.2587	0.7292602
684.0	713.5412	0.7325385
683.0	712.6412	0.726624
682.0	711.7687	0.7220612
681.0	710.9255	0.7185053
680.0	709.896	0.7068597
679.0	709.114	0.7064725
678.0	708.1456	0.697371
677.0	707.4312	0.7010515
676.0	706.5298	0.6954298
675.0	705.6634	0.6910942
674.0	704.8333	0.6900062
673.0	703.8121	0.6788434
672.0	703.0572	0.681179
671.0	702.1104	0.6752464
670.0	701.2023	0.6692221
669.0	700.3338	0.6675146
668.0	699.5066	0.6651666
667.0	698.7217	0.6666536
666.0	697.7394	0.6589188
665.0	696.7986	0.652265
664.0	696.0878	0.6616797
663.0	695.2874	0.6660085
662.0	694.297	0.6636238
661.0	693.363	0.662201
660.0	692.4867	0.6665181
659.0	691.6697	0.6687917
658.0	690.9133	0.6763607
657.0	689.9611	0.6761103
656.0	689.0685	0.6782035
655.0	688.2368	0.6824085
654.0	687.4672	0.6884869
653.0	686.496	0.6859401
652.0	685.8525	0.6977346
651.0	684.7373	0.6903421
650.0	683.9521	0.6968765
649.0	683.2311	0.7041988
648.0	682.3014	0.7047616
647.0	681.4344	0.7057471
646.0	680.631	0.7096802
645.0	679.613	0.7065005
644.0	678.9379	0.7157896
643.0	678.0465	0.7176927
642.0	677.2188	0.7218692
641.0	676.1697	0.7185394
640.0	675.4702	0.7267337
639.0	674.5475	0.727173
638.0	673.6882	0.7292364
637.0	672.893	0.7327228
636.0	671.8684	0.7282732
635.0	670.9803	0.7272103
634.0	670.2091	0.7268635
633.0	669.4819	0.728688
632.0	668.4996	0.7210217
631.0	667.5593	0.7156577
630.0	666.6614	0.7125421
629.0	665.8062	0.7116226
628.0	664.9941	0.7097971
627.0	664.2254	0.7100419
626.0	663.1926	0.7014686
625.0	662.5101	0.7027589
624.0	661.5613	0.6984808
623.0	660.6545	0.6932462
622.0	659.7897	0.6901105
621.0	658.9671	0.6890403
620.0	658.1871	0.6868509
619.0	657.1332	0.679861
618.0	656.4375	0.6785704
617.0	655.4658	0.6758732
616.0	654.535	0.66896
615.0	653.6451	0.6673789
614.0	652.7964	0.6614726
613.0	651.9889	0.6608631
612.0	651.2227	0.6590751
611.0	650.1722	0.6503919
610.0	649.488	0.6495182
609.0	648.5173	0.6452384
608.0	647.5863	0.6399246
607.0	646.6948	0.6368396
606.0	645.843	0.6326672
605.0	645.0309	0.6306947
604.0	644.1738	0.6266124
603.0	643.2851	0.6233724
602.0	642.4368	0.6189667
601.0	641.6287	0.6167275
600.0	640.861	0.6132869
599.0	639.7955	0.6079411
598.0	639.1074	0.6055564
597.0	638.1197	0.5981219
596.0	637.1704	0.5930831
595.0	636.2594	0.5904488
594.0	635.3868	0.5868035
593.0	634.5524	0.5821317
592.0	633.7562	0.5798617
591.0	632.9982	0.5765564
590.0	631.9325	0.5692852
589.0	631.2497	0.5674702
588.0	630.2575	0.5619317
587.0	629.6495	0.5616219
586.0	628.7304	0.5543469
585.0	627.8473	0.5532416
584.0	627.0001	0.54784
583.0	626.1887	0.5451365
582.0	625.0613	0.5396622
581.0	624.3205	0.5354788
580.0	623.2621	0.5322807
579.0	622.5912	0.5266278
578.0	621.6013	0.5222016
577.0	620.645	0.5207726
576.0	620.0777	0.5165635
575.0	618.9942	0.514774
574.0	618.128	0.5139429
573.0	617.2979	0.5136142
572.0	616.5038	0.5137418
571.0	615.7456	0.5142796
570.0	614.6642	0.5109027
569.0	613.9764	0.5122254
568.0	612.964	0.5097403
567.0	612.3457	0.5116725
566.0	611.4015	0.5099084
565.0	610.4909	0.5084907
564.0	609.6135	0.5109928
563.0	608.7693	0.5101501
562.0	607.9578	0.5095328
561.0	606.8164	0.5093335
560.0	606.0696	0.509153
559.0	605.3548	0.5090816
558.0	604.3083	0.509623
557.0	603.6567	0.5097613
556.0	602.6721	0.5070026
555.0	601.718	0.5080514
554.0	600.794	0.5092337
553.0	599.9001	0.5105146
552.0	599.0358	0.5082064
551.0	598.201	0.5095805
550.0	597.3953	0.5109528
549.0	596.6185	0.5086313
548.0	595.8703	0.5099018
547.0	594.7842	0.5127385
546.0	593.9755	0.509435
545.0	593.2007	0.505699
544.0	592.439	0.5001389
543.0	591.3234	0.4984084
542.0	590.5875	0.493052
541.0	589.497	0.4917314
540.0	588.7863	0.4867387
539.0	588.0879	0.4801222
538.0	587.0343	0.4778369
537.0	586.3603	0.4718258
536.0	585.3305	0.4703354
535.0	584.3124	0.467487
534.0	583.6738	0.4645517
533.0	582.6787	0.4627297
532.0	581.6949	0.4596613
531.0	581.0903	0.4527992
530.0	580.1287	0.450987
529.0	579.1779	0.448041
528.0	578.2378	0.4476816
527.0	577.6766	0.4435152
526.0	576.7575	0.4410362
525.0	575.8487	0.4375732
524.0	574.95	0.4368463
523.0	574.0614	0.4352094
522.0	573.1826	0.4326994
521.0	572.3134	0.4293535
520.0	571.4539	0.4252089
519.0	570.6037	0.4239839
518.0	569.7629	0.4220333
517.0	568.9311	0.419394
516.0	568.1083	0.4197815
515.0	567.2838	0.4179719
514.0	566.2947	0.4226496
513.0	565.3175	0.4277149
512.0	564.7194	0.4298601
511.0	563.7653	0.4355964
510.0	562.8224	0.4380103
509.0	562.2577	0.4409478
508.0	561.3369	0.4476293
507.0	560.4268	0.4509573
506.0	559.5273	0.4582514
505.0	558.6382	0.4621716
504.0	557.7594	0.4700309
503.0	556.8905	0.474497
502.0	556.0315	0.4792202
501.0	555.5474	0.4838506
500.0	554.7073	0.4889907
499.0	553.8764	0.4943556
498.0	553.0546	0.4999349
497.0	551.8777	0.5135998
496.0	551.0739	0.519636
495.0	550.2785	0.525856
494.0	549.4915	0.5322503
493.0	548.7126	0.5388093
492.0	547.9417	0.5455236
491.0	547.1785	0.5523842
490.0	546.4228	0.559382
489.0	545.3131	0.5712407
488.0	544.5724	0.5785465
487.0	543.8387	0.5859636
486.0	543.1594	0.5930999
485.0	542.0555	0.5983611
484.0	541.3135	0.5993926
483.0	540.5727	0.6011289
482.0	539.8331	0.6035915
481.0	539.0945	0.6032155
480.0	537.9985	0.612117
479.0	537.262	0.6133068
478.0	536.5262	0.6153132
477.0	535.7908	0.6145845
476.0	535.056	0.6182882
475.0	533.965	0.6242055
474.0	533.231	0.6261182
473.0	532.4971	0.6289528
472.0	531.7632	0.6291758
471.0	531.029	0.6303665
470.0	529.9403	0.6374054
469.0	529.2059	0.6405746
468.0	528.4711	0.6447641
467.0	527.7356	0.6464597
466.0	526.9994	0.6492187
465.0	526.2623	0.649536
464.0	525.5242	0.654475
463.0	524.7851	0.6570138
462.0	524.0447	0.6571826
461.0	522.9528	0.6667611
460.0	522.2101	0.6692456
459.0	521.466	0.6729208
458.0	520.7201	0.6743129
457.0	519.9725	0.676934
456.0	519.223	0.6807975
455.0	518.4716	0.6824444
454.0	517.9545	0.684906
453.0	517.008	0.6920986
452.0	516.406	0.6924997
451.0	515.4568	0.6987635
450.0	514.8508	0.7017667
449.0	514.2423	0.7026639
448.0	513.2882	0.7094064
447.0	512.675	0.7130007
446.0	512.0591	0.7145535
445.0	511.4401	0.717507
444.0	510.4775	0.7228599
443.0	509.853	0.7252264
442.0	509.2252	0.729036
441.0	508.5939	0.7309118
440.0	507.6212	0.7385522
439.0	506.9834	0.7399837
438.0	506.342	0.7429198
437.0	505.6967	0.7473679
436.0	505.0474	0.7499821
435.0	504.394	0.7507903
434.0	503.7364	0.753159
433.0	503.0746	0.7570941
432.0	502.4084	0.7592768
431.0	501.7377	0.7630513
430.0	501.0624	0.7684226
429.0	500.3823	0.7687895
428.0	499.6975	0.7740866
427.0	499.0078	0.7777195
426.0	498.641	0.7758528
425.0	497.9721	0.78156
424.0	497.3245	0.7836508
423.0	496.6711	0.787253
422.0	496.012	0.7910692
421.0	495.3469	0.7947858
420.0	494.6758	0.7984157
419.0	494.3211	0.7986494
418.0	493.637	0.8024954
417.0	492.9465	0.8066113
416.0	492.5698	0.806819
415.0	491.8658	0.8108969
414.0	491.4737	0.811477
413.0	490.7557	0.815562
412.0	490.3478	0.8162389
411.0	489.6156	0.8203748
410.0	489.1916	0.8211917
409.0	488.759	0.8221122
408.0	488.0045	0.8261045
407.0	487.5553	0.8272267
406.0	487.0972	0.8281703
405.0	486.6302	0.8289473
404.0	486.1542	0.829879
403.0	485.6691	0.830974
402.0	485.1749	0.8319331
401.0	484.6715	0.8330738
400.0	484.1588	0.8340981
399.0	483.6367	0.8350164
398.0	483.1052	0.8361428
397.0	482.8674	0.834012
396.0	482.2869	0.845098
395.0	481.9179	0.862599
394.0	481.537	0.8805093
393.0	481.1439	0.8991242
392.0	480.7389	0.9181384
391.0	480.3217	0.9378456
390.0	479.8923	0.9579427
389.0	479.4508	0.9787217
388.0	478.9971	1.000176
387.0	478.5312	1.0223
386.0	478.3457	1.041979
385.0	477.8543	1.065106
384.0	477.6414	1.086019
383.0	477.1244	1.110709
382.0	476.884	1.132833
381.0	476.6292	1.155828
380.0	476.0732	1.182653
379.0	475.7908	1.207105
378.0	475.494	1.23212
377.0	475.1828	1.257977
376.0	475.1399	1.281035
375.0	474.7989	1.308525
