376.0	377.0908	0.01281134
377.0	378.0861	0.01282145
378.0	379.092	0.01276268
379.0	380.098	0.01270442
380.0	381.1041	0.01253959
381.0	382.0996	0.01255034
382.0	383.1058	0.01249317
383.0	384.112	0.0124366
384.0	385.1075	0.01244817
385.0	386.1139	0.01239259
386.0	387.1203	0.01222873
387.0	388.1159	0.01224098
388.0	389.1225	0.01218686
389.0	390.1291	0.01213346
390.0	391.1248	0.01214686
391.0	392.1316	0.01198423
392.0	393.1384	0.01193253
393.0	394.1342	0.01194694
394.0	395.1411	0.01189662
395.0	396.1481	0.01173543
396.0	397.144	0.01175102
397.0	398.1548	0.01179031
398.0	399.1528	0.01196022
399.0	400.1508	0.01224026
400.0	401.1602	0.01244961
401.0	402.1583	0.01261025
402.0	403.1678	0.01281096
403.0	404.166	0.01307884
404.0	405.1757	0.0131563
405.0	406.174	0.0134175
406.0	407.1723	0.01367602
407.0	408.1822	0.01385483
408.0	409.1806	0.01399062
409.0	410.1791	0.01423912
410.0	411.1893	0.01440393
411.0	412.1879	0.01464517
412.0	413.1865	0.0148833
413.0	414.1969	0.0150337
414.0	415.1956	0.01526411
415.0	416.2062	0.01552228
416.0	417.2051	0.01574498
417.0	418.204	0.01596418
418.0	419.2029	0.01617982
419.0	420.2138	0.01629943
420.0	421.2129	0.01662627
421.0	422.2119	0.01682976
422.0	423.2231	0.01705351
423.0	424.2223	0.01724814
424.0	425.2216	0.01743873
425.0	426.2331	0.01764626
426.0	427.2355	0.0178223
427.0	428.2293	0.01824502
428.0	429.2354	0.01843786
429.0	430.2416	0.01862452
430.0	431.2356	0.01891287
431.0	432.2419	0.01908839
432.0	433.2484	0.01938133
433.0	434.2549	0.0195441
434.0	435.249	0.01993892
435.0	436.2557	0.02009008
436.0	437.2624	0.02035958
437.0	438.2567	0.02061605
438.0	439.2636	0.020874
439.0	440.2706	0.0211254
440.0	441.265	0.02136722
441.0	442.2722	0.02160643
442.0	443.2794	0.02183876
443.0	444.274	0.02219266
444.0	445.2813	0.0224125
445.0	446.2888	0.02262512
446.0	447.2836	0.02296393
447.0	448.2912	0.02316341
448.0	449.286	0.02349221
449.0	450.2938	0.02367811
450.0	451.3017	0.02385621
451.0	452.2967	0.02416836
452.0	453.3048	0.02446289
453.0	454.2999	0.02476433
454.0	455.3081	0.02491379
455.0	456.3076	0.02531069
456.0	457.3085	0.02557218
457.0	458.3226	0.02567478
458.0	459.3236	0.02605429
459.0	460.3246	0.02629477
460.0	461.3258	0.02652851
461.0	462.3269	0.02688916
462.0	463.3282	0.02724352
463.0	464.3295	0.02745704
464.0	465.3309	0.02779815
465.0	466.3458	0.02796546
466.0	467.3474	0.02815587
467.0	468.349	0.02847452
468.0	469.3507	0.02878618
469.0	470.3524	0.02909075
470.0	471.3543	0.02938809
471.0	472.3562	0.02967809
472.0	473.3581	0.02996063
473.0	474.3602	0.03023558
474.0	475.3623	0.03064102
475.0	476.3645	0.03090079
476.0	477.3668	0.0311526
477.0	478.3691	0.03153556
478.0	479.3715	0.03177144
479.0	480.374	0.0321389
480.0	481.3766	0.03235835
481.0	482.3933	0.03251155
482.0	483.396	0.03271203
483.0	484.3989	0.03304493
484.0	485.4018	0.03336955
485.0	486.4048	0.03368575
486.0	487.4079	0.03399339
487.0	488.4027	0.03396282
488.0	489.4026	0.03388837
489.0	490.4025	0.03395756
490.0	491.417	0.03367595
491.0	492.4171	0.03360271
492.0	493.4174	0.03352976
493.0	494.4177	0.03345716
494.0	495.4181	0.03338493
495.0	496.4186	0.03331312
496.0	497.4192	0.03324175
497.0	498.4345	0.03296413
498.0	499.4354	0.03289398
499.0	500.4363	0.03282441
500.0	501.4373	0.03275544
501.0	502.4384	0.03268714
502.0	503.4396	0.03261954
503.0	504.4409	0.03255267
504.0	505.4422	0.03248659
505.0	506.4437	0.03242134
506.0	507.4453	0.03235696
507.0	508.447	0.03214311
508.0	509.4488	0.03208022
509.0	510.4507	0.03201833
510.0	511.4527	0.03195749
511.0	512.4699	0.03169402
512.0	513.4722	0.03148333
513.0	514.4745	0.03142579
514.0	515.477	0.0313695
515.0	516.4795	0.03116098
516.0	517.474	0.03165305
517.0	518.4829	0.03190486
518.0	519.4765	0.03235267
519.0	520.4856	0.03257893
520.0	521.4794	0.03300565
521.0	522.4887	0.0332056
522.0	523.4982	0.03339087
523.0	524.4922	0.0339399
524.0	525.502	0.03409804
525.0	526.4961	0.03462527
526.0	527.5061	0.03475548
527.0	528.5004	0.03526016
528.0	529.5106	0.03552006
529.0	530.5051	0.03584297
530.0	531.5156	0.03607406
531.0	532.5102	0.03653169
532.0	533.5209	0.03673352
533.0	534.5158	0.03716664
534.0	535.5267	0.03749909
535.0	536.5217	0.03790728
536.0	537.533	0.0380484
537.0	538.5282	0.03859234
538.0	539.5396	0.038702
539.0	540.535	0.03922014
540.0	541.5468	0.03929744
541.0	542.5423	0.03978893
542.0	543.5544	0.0399968
543.0	544.5501	0.04046118
544.0	545.546	0.04091305
545.0	546.5584	0.04107244
546.0	547.5544	0.04149591
547.0	548.5648	0.04150522
548.0	549.5593	0.04141153
549.0	550.5706	0.04120113
550.0	551.5653	0.04110821
551.0	552.5602	0.04118312
552.0	553.5721	0.04080801
553.0	554.5672	0.04071643
554.0	555.5794	0.04051146
555.0	556.5749	0.04042131
556.0	557.5705	0.04033165
557.0	558.5833	0.04013069
558.0	559.5792	0.04004287
559.0	560.5752	0.03995576
560.0	561.5885	0.03958768
561.0	562.5849	0.03967463
562.0	563.5814	0.0395907
563.0	564.5953	0.03922663
564.0	565.5921	0.03914494
565.0	566.5891	0.03906439
566.0	567.6036	0.03870459
567.0	568.6009	0.03862676
568.0	569.5983	0.03855029
569.0	570.5959	0.03847527
570.0	571.6113	0.03812227
571.0	572.6092	0.03805063
572.0	573.6073	0.03798068
573.0	574.6055	0.0379125
574.0	575.6039	0.03784618
575.0	576.6203	0.03732471
576.0	577.6201	0.0373853
577.0	578.6189	0.03751571
578.0	579.6178	0.03763571
579.0	580.617	0.03774515
580.0	581.6163	0.03802515
581.0	582.6339	0.03782714
582.0	583.6336	0.0379029
583.0	584.6334	0.03796744
584.0	585.6334	0.03820379
585.0	586.6336	0.03824592
586.0	587.6339	0.03846046
587.0	588.6344	0.03847949
588.0	589.6351	0.03867157
589.0	590.636	0.03885239
590.0	591.637	0.03883574
591.0	592.6382	0.03899307
592.0	593.6396	0.03913862
593.0	594.66	0.03896692
594.0	595.6618	0.03908676
595.0	596.6638	0.03900582
596.0	597.666	0.03910037
597.0	598.6684	0.03918224
598.0	599.652	0.03975473
599.0	600.6547	0.03981284
600.0	601.6577	0.03985772
601.0	602.6608	0.03988917
602.0	603.6642	0.039907
603.0	604.6677	0.04010343
604.0	605.6715	0.04009394
605.0	606.6679	0.04020434
606.0	607.6749	0.04032833
607.0	608.6822	0.04024419
608.0	609.6897	0.04033999
609.0	610.6779	0.04055857
610.0	611.6857	0.04062714
611.0	612.6939	0.04068116
612.0	613.6826	0.04086111
613.0	614.6911	0.0408867
614.0	615.6999	0.04089713
615.0	616.6891	0.04123506
616.0	617.6983	0.04121633
617.0	618.7078	0.04118181
618.0	619.6975	0.04147954
619.0	620.7074	0.0414146
620.0	621.7176	0.04133321
621.0	622.7078	0.0417903
622.0	623.7185	0.04167771
623.0	624.7091	0.04190544
624.0	625.7202	0.04176024
625.0	626.7316	0.04180091
626.0	627.7228	0.04198391
627.0	628.7346	0.04199216
628.0	629.7262	0.04235001
629.0	630.7386	0.04211995
630.0	631.7306	0.04244781
631.0	632.7434	0.04238896
632.0	633.7358	0.04268645
633.0	634.7492	0.0425929
634.0	635.742	0.04285909
635.0	636.735	0.04311026
636.0	637.7571	0.04271054
637.0	638.7512	0.04269663
638.0	639.7457	0.04247831
639.0	640.7614	0.04209517
640.0	641.7564	0.04188806
641.0	642.7517	0.04168629
642.0	643.7472	0.0417028
643.0	644.7644	0.04113467
644.0	645.7605	0.04095149
645.0	646.757	0.04077455
646.0	647.7537	0.0406041
647.0	648.7723	0.04006455
648.0	649.7697	0.03990843
649.0	650.7673	0.03975953
650.0	651.7653	0.03961809
651.0	652.7636	0.03948436
652.0	653.7622	0.0391398
653.0	654.7831	0.03864994
654.0	655.7824	0.03854103
655.0	656.782	0.03822022
656.0	657.7819	0.03812851
657.0	658.7822	0.03782421
658.0	659.7828	0.03752827
659.0	660.7837	0.03724098
660.0	661.785	0.03718643
661.0	662.7867	0.03691792
662.0	663.7887	0.03665894
663.0	664.791	0.03640979
664.0	665.7937	0.03617077
665.0	666.8017	0.03570855
666.0	667.7983	0.03587938
667.0	668.7952	0.03603123
668.0	669.7924	0.03616382
669.0	670.8127	0.03590633
670.0	671.8105	0.03599745
671.0	672.8086	0.03629895
672.0	673.807	0.03634996
673.0	674.8057	0.03638014
674.0	675.8047	0.03662155
675.0	676.8273	0.03622696
676.0	677.827	0.03642483
677.0	678.827	0.03636758
678.0	679.8274	0.03652266
679.0	680.828	0.03665614
680.0	681.829	0.03676769
681.0	682.8303	0.03685696
682.0	683.832	0.03692361
683.0	684.834	0.03696728
684.0	685.8363	0.03698762
685.0	686.839	0.03698427
686.0	687.8421	0.03695687
687.0	688.8455	0.03714542
688.0	689.8492	0.03706943
689.0	690.8533	0.03696827
690.0	691.8578	0.03708382
691.0	692.8627	0.0371747
692.0	693.8679	0.036997
693.0	694.8491	0.03745874
694.0	695.8551	0.03747494
695.0	696.8614	0.03746491
696.0	697.8681	0.03742825
697.0	698.8819	0.03733538
698.0	699.8683	0.0380895
699.0	700.88	0.03831851
700.0	701.8673	0.03890813
701.0	702.88	0.03895576
702.0	703.8682	0.03962422
703.0	704.882	0.03973494
704.0	705.8711	0.04047937
705.0	706.8859	0.04039734
706.0	707.876	0.04096054
707.0	708.892	0.0411862
708.0	709.883	0.04181684
709.0	710.9001	0.04183905
710.0	711.8922	0.04227653
711.0	712.8847	0.04287521
712.0	713.9035	0.04283897
713.0	714.8971	0.0432352
714.0	715.8912	0.04379025
715.0	716.9118	0.04368308
716.0	717.907	0.0442869
717.0	718.9027	0.04478667
718.0	719.8989	0.04518018
719.0	720.9219	0.04513661
720.0	721.9193	0.04556789
721.0	722.9172	0.04588761
722.0	723.9157	0.04635915
723.0	724.9147	0.046716
724.0	725.9143	0.04722307
725.0	726.9144	0.04734409
726.0	727.9323	0.04712348
727.0	728.9371	0.0469887
728.0	729.9158	0.0474246
729.0	730.9224	0.0473937
730.0	731.9299	0.04727534
731.0	732.9383	0.04706753
732.0	733.9202	0.04744436
733.0	734.9305	0.04705652
734.0	735.9417	0.04684975
735.0	736.9262	0.04723872
736.0	737.9393	0.0468432
737.0	738.9256	0.04732932
738.0	739.9407	0.04673726
739.0	740.9287	0.04703502
740.0	741.9459	0.04652005
741.0	742.9358	0.04690516
742.0	743.9267	0.04719335
743.0	744.947	0.04664723
744.0	745.9398	0.04672883
745.0	746.9336	0.04670627
746.0	747.9573	0.04611387
747.0	748.9531	0.04616071
748.0	749.95	0.0463889
749.0	750.948	0.04621468
750.0	751.947	0.04621862
751.0	752.947	0.04610689
752.0	753.9482	0.04617207
753.0	754.9505	0.0461181
754.0	755.9539	0.04594211
755.0	756.9669	0.04568654
756.0	757.9564	0.04565407
757.0	758.9471	0.04609762
758.0	759.969	0.04528902
759.0	760.962	0.04547307
760.0	761.9561	0.0455264
761.0	762.982	0.04490544
762.0	763.9786	0.04468185
763.0	764.9765	0.0449328
764.0	765.9756	0.04473528
765.0	766.976	0.04470225
766.0	767.9776	0.04452245
767.0	768.9806	0.04450453
768.0	769.9849	0.04433476
769.0	770.9906	0.04400934
770.0	771.9977	0.04384022
771.0	772.9745	0.04442622
772.0	773.9843	0.04393821
773.0	774.9956	0.0436004
774.0	775.9764	0.04403038
775.0	776.9906	0.04367571
776.0	778.0063	0.04282062
777.0	778.9912	0.04339226
778.0	780.01	0.0428258
779.0	780.9978	0.04304902
780.0	782.0198	0.042109
781.0	783.0105	0.04229477
782.0	784.0027	0.04262729
783.0	784.9965	0.04244166
784.0	786.0251	0.04170936
785.0	787.022	0.0414599
786.0	788.0135	0.04194619
787.0	789.0137	0.04221736
788.0	790.0162	0.04242835
789.0	791.0209	0.04256281
790.0	792.028	0.04294578
791.0	793.0375	0.04287699
792.0	794.015	0.04387517
793.0	795.0293	0.04355576
794.0	796.0462	0.04341677
795.0	797.0307	0.04437319
796.0	798.0528	0.04351951
797.0	799.0423	0.04448007
798.0	800.0342	0.04489752
799.0	801.0287	0.04545786
800.0	802.0258	0.04578456
801.0	803.0616	0.044392
802.0	804.0642	0.0445082
803.0	805.0334	0.04584446
804.0	806.0415	0.04572042
805.0	807.0526	0.04523987
806.0	808.0667	0.04474258
807.0	809.0468	0.04586446
808.0	810.067	0.04492137
809.0	811.053	0.04636071
810.0	812.0794	0.04298015
811.0	813.0715	0.04387245
812.0	814.0667	0.04352069
813.0	815.0651	0.04569239
814.0	816.0668	0.04656307
815.0	817.0667	0.04461289
816.0	818.0743	0.04430045
817.0	819.0862	0.04183345
818.0	820.1028	0.04103535
819.0	821.0849	0.04405076
820.0	822.1109	0.04258998
821.0	823.102	0.04095883
822.0	824.0979	0.04088492
823.0	825.0988	0.04232885
824.0	826.1045	0.04119413
825.0	827.1155	0.04144222
826.0	828.1316	0.03892216
827.0	829.112	0.04029716
828.0	830.1389	0.03610138
829.0	831.1299	0.03576955
830.0	832.1264	0.03657733
831.0	833.1284	0.03423504
832.0	834.1362	0.03284623
833.0	835.1502	0.03233566
834.0	836.17	0.02832274
835.0	837.1533	0.03253626
836.0	838.1421	0.02882496
837.0	839.1813	0.02667858
838.0	840.183	0.02398194
839.0	841.1915	0.02166631
840.0	842.1622	0.02327416
841.0	843.1843	0.02147226
842.0	844.2133	0.01518654
843.0	845.2047	0.01721514
844.0	846.203	0.01462288
845.0	847.2086	0.0117857
846.0	848.2218	0.008554667
847.0	849.2234	0.006999759
848.0	850.2485	0.001888457
849.0	851.2414	-0.0002571135
850.0	852.2492	-0.004288518
851.0	853.2728	-0.01075558
852.0	854.264	-0.01510375
853.0	855.2718	-0.01784491
854.0	856.2966	-0.0244852
855.0	857.2889	-0.03004825
856.0	858.2992	-0.03556521
857.0	859.3284	-0.04171892
858.0	860.3251	-0.04809034
859.0	861.3414	-0.05630914
860.0	862.3254	-0.06046992
861.0	863.3298	-0.06779709
862.0	864.3553	-0.07927857
863.0	865.3496	-0.08308345
864.0	866.3658	-0.09264825
865.0	867.4049	-0.109206
866.0	868.4131	-0.1202052
867.0	869.4459	-0.1346646
868.0	870.4476	-0.1450224
869.0	871.4758	-0.1553272
870.0	872.4718	-0.1689935
871.0	873.4953	-0.1851164
872.0	874.4883	-0.1950642
873.0	875.5099	-0.2102017
874.0	876.5611	-0.2324765
875.0	877.5821	-0.2525387
876.0	878.5983	-0.2728565
877.0	879.5865	-0.2900773
878.0	880.6266	-0.3196025
879.0	881.6584	-0.3461859
880.0	882.6821	-0.3730819
881.0	883.6978	-0.4039723
882.0	884.7069	-0.4363222
883.0	885.7803	-0.4770636
884.0	886.78	-0.5128789
885.0	887.7775	-0.5438138
886.0	888.841	-0.6007275
887.0	889.8331	-0.6396005
888.0	890.897	-0.6975388
889.0	891.9604	-0.763234
890.0	892.9509	-0.8074027
891.0	894.0118	-0.8894033
892.0	894.9986	-0.9420527
893.0	896.0572	-1.030307
894.0	897.1142	-1.117365
895.0	898.0831	-1.1847
896.0	899.1284	-1.286107
897.0	900.1483	-1.391142
898.0	901.1733	-1.498922
899.0	902.182	-1.617781
900.0	903.1859	-1.740907
901.0	904.1874	-1.878481
902.0	905.1776	-2.015119
903.0	906.1541	-2.158819
904.0	907.1248	-2.312148
905.0	907.8786	-2.449619
906.0	908.517	-2.496917
907.0	909.1893	-2.472887
908.0	909.8917	-2.412468
909.0	910.6385	-2.309693
910.0	911.4184	-2.188535
911.0	912.2432	-2.058905
912.0	913.0913	-1.924955
913.0	913.9677	-1.791364
914.0	914.8574	-1.664423
915.0	915.7746	-1.539062
916.0	916.7003	-1.431484
917.0	917.6288	-1.329409
918.0	918.5799	-1.226867
919.0	919.5224	-1.139834
920.0	920.5319	-1.019706
921.0	921.4494	-0.9641702
922.0	922.4186	-0.8906488
923.0	923.3997	-0.8110444
924.0	924.3654	-0.7473802
925.0	925.3446	-0.6827648
926.0	926.3696	-0.6063292
927.0	927.3571	-0.550277
928.0	928.343	-0.4978156
929.0	929.3075	-0.455492
930.0	930.2895	-0.4118464
931.0	931.2694	-0.3659738
932.0	932.2373	-0.3364802
933.0	933.2278	-0.2954472
934.0	934.2302	-0.2554075
935.0	935.2315	-0.2167533
936.0	936.2044	-0.1976887
937.0	937.2507	-0.1758705
938.0	938.2439	-0.1715714
939.0	939.2357	-0.1652864
940.0	940.2768	-0.1421303
941.0	941.2686	-0.1293322
942.0	942.3134	-0.1057594
943.0	943.3129	-0.09391719
944.0	944.317	-0.07856873
945.0	945.3286	-0.0648472
946.0	946.3456	-0.0437871
947.0	947.3706	-0.02042329
948.0	948.3597	-0.01116443
949.0	949.3581	0.004336226
950.0	950.3684	0.0213753
951.0	951.388	0.04860395
952.0	952.3775	0.06080885
953.0	953.3803	0.07845796
954.0	954.3969	0.1014388
955.0	955.4278	0.1296673
956.0	956.4302	0.1510094
957.0	957.409	0.1570813
958.0	958.4426	0.1927066
959.0	959.4541	0.2130867
960.0	960.4402	0.2304097
961.0	961.4449	0.2527907
962.0	962.4686	0.2802907
963.0	963.4692	0.3046171
964.0	964.4513	0.317991
965.0	965.4429	0.3355066
966.0	966.4852	0.3666585
967.0	967.4757	0.3794562
968.0	968.4905	0.4057608
969.0	969.494	0.4250156
970.0	970.5166	0.4679568
971.0	971.5317	0.49558
972.0	972.5468	0.4933232
973.0	973.5288	0.5324058
974.0	974.5472	0.5577407
975.0	975.5668	0.5527606
976.0	976.5888	0.6040088
977.0	977.6127	0.6244253
978.0	978.6218	0.6482969
979.0	979.6169	0.6750718
980.0	980.6316	0.7215983
981.0	981.65	0.7370738
982.0	982.6553	0.7546856
983.0	983.6804	0.791501
984.0	984.6928	0.8296966
985.0	985.6929	0.8688911
986.0	986.6989	0.8770943
987.0	987.7251	0.9038027
988.0	988.7399	0.9311226
989.0	989.7438	0.9587594
990.0	990.7373	0.9864418
991.0	991.7511	1.031646
992.0	992.7725	1.046408
993.0	993.7665	1.090848
994.0	994.7985	1.122699
995.0	995.7918	1.13629
996.0	996.8056	1.166984
997.0	997.8266	1.225385
998.0	998.8404	1.249839
999.0	999.841	1.229053
1000.0	1000.8499	1.2560591
