850.0	9.0	0.04923693278887111
850.1	9.0	0.04921695690779306
850.2	9.0	0.0491930762923654
850.3	9.0	0.049165099697023526
850.4	9.0	0.049132822884902574
850.5	9.0	0.049096027415126274
850.6	9.0	0.04905447929618793
850.7	9.0	0.049007927490145105
850.8	9.0	0.048956102251024515
850.9	9.0	0.0488987132796208
851.0	9.0	0.048835447675959875
851.1	9.0	0.048765967670273566
851.2	9.0	0.04868990811376895
851.3	9.0	0.04295720419640822
851.4	9.0	0.04329343611758398
851.5	9.0	0.04363749147059953
851.6	9.0	0.043989860005439925
851.7	9.0	0.04435107545480197
851.8	9.0	0.04472171957299354
851.9	9.0	0.04510242627740838
852.0	9.0	0.0454938857386534
850.0	8.99	0.04936070900529897
850.1	8.99	0.04933876012858746
850.2	8.99	0.049312771251807164
850.3	8.99	0.049282540159192235
850.4	8.99	0.04924785043868744
850.5	8.99	0.04920847011097878
850.6	8.99	0.04916415010160475
850.7	8.99	0.0491146225374451
850.8	8.99	0.04905959884711608
850.9	8.99	0.04899876764316369
851.0	8.99	0.04893179236262921
851.1	8.99	0.04885830864184895
851.2	8.99	0.04877792140169319
851.3	8.99	0.04311729679981521
851.4	8.99	0.04345846681270312
851.5	8.99	0.04380788261891044
851.6	8.99	0.04416608245292671
851.7	8.99	0.044533654760029365
851.8	8.99	0.04491124295875394
851.9	8.99	0.04529955030973
852.0	8.99	0.04569934468318363
850.0	8.98	0.04948483357944037
850.1	8.98	0.049460848089270315
850.2	8.98	0.04943268018001581
850.3	8.98	0.04940011569310906
850.4	8.98	0.04936292491739761
850.5	8.98	0.04932086103392756
850.6	8.98	0.049273658376007314
850.7	8.98	0.04922103048151471
850.8	8.98	0.04916266791206093
850.9	8.98	0.04909823581138932
851.0	8.98	0.049027371173509596
851.1	8.98	0.04894967978991647
851.2	8.98	0.048864732845401555
851.3	8.98	0.04327918387020323
851.4	8.98	0.04362557732654995
851.5	8.98	0.04398068275956535
851.6	8.98	0.04434509406050686
851.7	8.98	0.044719462759684
851.8	8.98	0.04510450367783102
851.9	8.98	0.0455010006816542
852.0	8.98	0.04590981225943064
850.0	8.97	0.04960933612048591
850.1	8.97	0.049583247889006275
850.2	8.97	0.0495528270851122
850.3	8.97	0.04951784651816907
850.4	8.97	0.04947806191340792
850.5	8.97	0.04943321014128
850.6	8.97	0.04938300722830832
850.7	8.97	0.049327146120895136
850.8	8.97	0.04926529417039708
850.9	8.97	0.04919709030471094
851.0	8.97	0.049122141848948885
851.1	8.97	0.04904002095596811
851.2	8.97	0.048950260607350644
851.3	8.97	0.043442997495959625
851.4	8.97	0.04379493141733758
851.5	8.97	0.04415609408660969
851.6	8.97	0.04452714367011274
851.7	8.97	0.04490880489991824
851.8	8.97	0.04530187582569783
851.9	8.97	0.04570723465743358
852.0	8.97	0.04612584630443022
850.0	8.96	0.049734249121995124
850.1	8.96	0.04970598950451239
850.2	8.96	0.04967323879022312
850.3	8.96	0.04963575553351088
850.4	8.96	0.04959327946932899
850.5	8.96	0.049545529489510236
850.6	8.96	0.04949220135929058
850.7	8.96	0.04943296513844905
850.8	8.96	0.04936746226723041
850.9	8.96	0.04929530227300048
851.0	8.96	0.04921605904977112
851.1	8.96	0.049129266659948066
851.2	8.96	0.04903441460690907
851.3	8.96	0.0436088778590331
851.4	8.96	0.04396670581870271
851.5	8.96	0.04433433805143804
851.6	8.96	0.044712507437317514
851.7	8.96	0.04510202423741353
851.8	8.96	0.04550378421931284
851.9	8.96	0.045918776840112405
852.0	8.96	0.04634809292992891
850.0	8.95	0.04985960846607014
850.1	8.95	0.04982910634951948
850.2	8.95	0.049793945544349044
850.3	8.95	0.04975386897369091
850.4	8.95	0.04970859876816071
850.5	8.95	0.04965783394352204
850.6	8.95	0.04960124776779083
850.7	8.95	0.04953848477308203
850.8	8.95	0.049469157361758186
850.9	8.95	0.049392841950592965
851.0	8.95	0.0493090745912214
851.1	8.95	0.04921734600088509
851.2	8.95	0.049117095935785345
851.3	8.95	0.04377697288402813
851.4	8.95	0.044141090854705106
851.5	8.95	0.044515657310061844
851.6	8.95	0.044901492596919834
851.7	8.95	0.04529950766319045
851.8	8.95	0.04571071391294393
851.9	8.95	0.046136233050020826
852.0	8.95	0.04657730610968297
850.0	8.94	0.04998545415159766
850.1	8.94	0.04995263606983951
850.2	8.94	0.04991498188048265
850.3	8.94	0.04987221732287837
850.4	8.94	0.049824045092169485
850.5	8.94	0.049770142162711965
850.6	8.94	0.04971015673808909
850.7	8.94	0.04964370477117989
850.8	8.94	0.049570365989902034
850.9	8.94	0.049489679356100984
851.0	8.94	0.04940113787722784
851.1	8.94	0.049304182683974546
851.2	8.94	0.04919819628376259
851.3	8.94	0.04394743830501078
851.4	8.94	0.044318291735090595
851.5	8.94	0.04470031873272399
851.6	8.94	0.045094442838832384
851.7	8.94	0.04550169451203006
851.8	8.94	0.04592322318120875
851.9	8.94	0.04636030915497362
852.0	8.94	0.04681437421427807
850.0	8.93	0.05011183127058012
850.1	8.93	0.05007662160006159
850.2	8.93	0.05003638774918782
850.3	8.93	0.04999083651810505
850.4	8.93	0.049939649083316495
850.5	8.93	0.04988247789869365
850.6	8.93	0.04981894314474919
850.7	8.93	0.049748628654099555
850.8	8.93	0.04967107723024758
850.9	8.93	0.04958578526537283
851.0	8.93	0.049492196551486546
851.1	8.93	0.04938969516946745
851.2	8.93	0.049277597334647226
851.3	8.93	0.04412043830202866
851.4	8.93	0.04449853077204751
851.5	8.93	0.04488861785385896
851.6	8.93	0.04529174587807006
851.7	8.93	0.045709088445324446
851.8	8.93	0.04614196129750737
851.9	8.93	0.04659183680285117
852.0	8.93	0.04706035629593081
850.0	8.92	0.05023879125594405
850.1	8.92	0.05020111250813029
850.2	8.92	0.050158209957085746
850.3	8.92	0.050109769474439944
850.4	8.92	0.050055448341611436
850.5	8.92	0.04999487164433689
850.6	8.92	0.049927628117118726
850.7	8.92	0.04985326534495463
850.8	8.92	0.04977128421472065
850.9	8.92	0.04968113249235448
851.0	8.92	0.04958219738547254
851.1	8.92	0.04947379693604433
851.2	8.92	0.049355170077679734
851.3	8.92	0.044296146881189866
851.4	8.92	0.04468205081724504
851.5	8.92	0.04508088525625998
851.6	8.92	0.045493844011047786
851.7	8.92	0.04592227384685682
851.8	8.92	0.04636769300299191
851.9	8.92	0.046831808886088636
852.0	8.92	0.04731653223354688
850.0	8.91	0.050366393426175673
850.1	8.91	0.05032616665724644
850.2	8.91	0.05028050394428623
850.3	8.91	0.050229067971149725
850.4	8.91	0.05017148940571378
850.5	8.91	0.05010736268359059
850.6	8.91	0.05003624111734918
850.7	8.91	0.04995763121111631
850.8	8.91	0.04987098603941621
850.9	8.91	0.04977569752588866
851.0	8.91	0.049671087433221614
851.1	8.91	0.04955639685261286
851.2	8.91	0.04943077396406742
851.3	8.91	0.044474750203951904
851.4	8.91	0.044869120302655975
851.5	8.91	0.045277495556250436
851.6	8.91	0.045701248766052166
851.7	8.91	0.046141938510813434
851.8	8.91	0.04660133244182624
851.9	8.91	0.04708142894453235
852.0	8.91	0.04758447290331
850.0	8.9	0.050494706857419566
850.1	8.9	0.050451852221528
850.2	8.9	0.05040333594378823
850.3	8.9	0.05034879494918113
850.4	8.9	0.05028783017394085
850.5	8.9	0.05022000160815276
850.6	8.9	0.05014482250519272
850.7	8.9	0.05006175260075718
850.8	8.9	0.049970190154475694
850.9	8.9	0.04986946259350116
851.0	8.9	0.049758815501331745
851.1	8.9	0.04963739965950242
851.2	8.9	0.04950425582126959
851.3	8.9	0.04465645011901527
851.4	8.9	0.04506004039653578
851.5	8.9	0.045478879920947596
851.6	8.9	0.045914561244952565
851.7	8.9	0.04636890524979041
851.8	8.9	0.046843990739383855
851.9	8.9	0.04734218092079294
852.0	8.9	0.047866139835073616
850.0	8.89	0.050623812623055854
850.1	8.89	0.0505782501036216
850.2	8.89	0.05052678558042459
850.3	8.89	0.050469027288094194
850.4	8.89	0.05040454284534663
850.5	8.89	0.05033285339266331
850.6	8.89	0.05025342669272536
850.7	8.89	0.05016566898568198
850.8	8.89	0.05006891534871861
850.9	8.89	0.0499624182601865
851.0	8.89	0.04984533401415226
851.1	8.89	0.0497167065755417
851.2	8.89	0.049575448418222035
851.3	8.89	0.04484146922320839
851.4	8.89	0.04525515498267764
851.5	8.89	0.04568554346147194
851.6	8.89	0.046134500529753875
851.7	8.89	0.046604176417893134
851.8	8.89	0.04709704368588729
851.9	8.89	0.047615929309018055
852.0	8.89	0.04816402920423054
850.0	8.88	0.05075380645504959
850.1	8.88	0.05070545682003265
850.2	8.88	0.05065094898844955
850.3	8.88	0.05058985915676755
850.4	8.88	0.050521717492133945
850.5	8.88	0.05044600115779821
850.6	8.88	0.05036212603642483
850.7	8.88	0.05026943687341549
850.8	8.88	0.050167195500579624
850.9	8.88	0.05005456672749233
851.0	8.88	0.04993060140484942
851.1	8.88	0.04979421607590757
851.2	8.88	0.049644168551409025
851.3	8.88	0.04503005789110067
851.4	8.88	0.04545486448043402
851.5	8.88	0.0458980895064214
851.6	8.88	0.04636194379280048
851.7	8.88	0.04684899760942177
851.8	8.88	0.047362229823599306
851.9	8.88	0.04790506585133826
852.0	8.88	0.04848138398576525
850.0	8.87	0.05088480190158721
850.1	8.87	0.05083358794478581
850.2	8.87	0.050775942557289705
850.3	8.87	0.05071140606932291
850.4	8.87	0.05063946641972997
850.5	8.87	0.05055955080487293
850.6	8.87	0.05047101567840715
850.7	8.87	0.05037313472629344
850.8	8.87	0.05026508435062379
850.9	8.87	0.05014592608597496
851.0	8.87	0.050014585243299596
851.1	8.87	0.04986982493443277
851.2	8.87	0.049710214492653566
851.3	8.87	0.045222503892060346
851.4	8.87	0.04565964502060063
851.5	8.87	0.04611725384517531
851.6	8.87	0.04659798387221375
851.7	8.87	0.0471049506644722
851.8	8.87	0.04764179587159707
851.9	8.87	0.04821272951871802
852.0	8.87	0.04882251325376952
850.0	8.86	0.051016934083158126
850.1	8.86	0.050962782236129815
850.2	8.86	0.05090190745705196
850.3	8.86	0.05083380982951367
850.4	8.86	0.050757929534398435
850.5	8.86	0.05067363678300684
850.6	8.86	0.05058021964190441
850.7	8.86	0.05047686923544512
850.8	8.86	0.05036266167663722
850.9	8.86	0.050236535908984706
851.0	8.86	0.05009726643901109
851.1	8.86	0.049943429706663225
851.2	8.86	0.04977336260238587
851.3	8.86	0.04541914550139456
851.4	8.86	0.04587007531404461
851.5	8.86	0.0463439538690663
851.6	8.86	0.04684401375651057
851.7	8.86	0.04737409296098927
851.8	8.86	0.04793871829450063
851.9	8.86	0.048543145317008735
852.0	8.86	0.0491932832478177
850.0	8.85	0.05115036418640348
850.1	8.85	0.05109320661732031
850.2	8.85	0.051029015153135356
850.3	8.85	0.05095724461883768
850.4	8.85	0.05087728102785274
850.5	8.85	0.05078842936077417
850.6	8.85	0.05068989862193319
850.7	8.85	0.05058078346113476
850.8	8.85	0.05046004144310497
850.9	8.85	0.05032646478570958
851.0	8.85	0.05017864506180756
851.1	8.85	0.05001492897079828
851.2	8.85	0.049833362864737225
851.3	8.85	0.045620389486159804
851.4	8.85	0.04608687494929799
851.5	8.85	0.04657936076413419
851.6	8.85	0.04710185405873571
851.7	8.85	0.04765917257426883
851.8	8.85	0.04825705184435403
851.9	8.85	0.04890216162457631
852.0	8.85	0.049601887020461054
850.0	8.84	0.05128528488489817
850.1	8.84	0.05122506224538221
850.2	8.84	0.05115747419877285
850.3	8.84	0.05108192458419621
850.4	8.84	0.05099773781550105
850.5	8.84	0.05090414393450703
850.6	8.84	0.05080026011238481
850.7	8.84	0.05068506759731767
850.8	8.84	0.05055738279134726
850.9	8.84	0.05041582072452661
851.0	8.84	0.05025874865885437
851.1	8.84	0.05008422688871537
851.2	8.84	0.049889933042329165
851.3	8.84	0.04582673614798454
851.4	8.84	0.046310960324644615
851.5	8.84	0.04682500880451066
851.6	8.84	0.04737395205984052
851.7	8.84	0.047963973125558355
851.8	8.84	0.04860249832215437
851.9	8.84	0.04929812847206571
852.0	8.84	0.050060061461244365
850.0	8.83	0.051421926943147296
850.1	8.83	0.051358591987601995
850.2	8.83	0.05128753870451684
850.3	8.83	0.05120811342271972
850.4	8.83	0.05111957034756905
850.5	8.83	0.051021053140156813
850.6	8.83	0.05091157181061369
850.7	8.83	0.050789973496181175
850.8	8.83	0.050654905200520836
850.9	8.83	0.050504765898889796
851.0	8.83	0.05033764451291737
851.1	8.83	0.050151239087700736
851.2	8.83	0.0499427510840331
851.3	8.83	0.04603881500757001
851.4	8.83	0.046543528966077406
851.5	8.83	0.04708296709819169
851.6	8.83	0.04766370568051412
851.7	8.83	0.04829389115545666
851.8	8.83	0.048983373456945443
851.9	8.83	0.04974337137110254
852.0	8.83	0.050584973662554586
850.0	8.82	0.05156056735115694
850.1	8.82	0.051494089743794304
850.2	8.82	0.05141951903808378
850.3	8.82	0.051336136663734336
850.4	8.82	0.05124311667823259
850.5	8.82	0.05113950288501077
850.6	8.82	0.05102417969787991
850.7	8.82	0.05089583468035114
850.8	8.82	0.05075290989836268
850.9	8.82	0.0505935381115147
851.0	8.82	0.050415458271791225
851.1	8.82	0.05021590267476982
851.2	8.82	0.04999144537096186
851.3	8.82	0.04625743727005541
851.4	8.82	0.04678619178314856
851.5	8.82	0.04735612207145464
851.6	8.82	0.04797601789622078
851.7	8.82	0.0486569535439299
851.8	8.82	0.04941232271863571
851.9	8.82	0.05025668879985547
852.0	8.82	0.05120184573962974
850.0	8.81	0.051701539461677874
850.1	8.81	0.051631912217085525
850.2	8.81	0.05155379552689628
850.3	8.81	0.05146639764056689
850.4	8.81	0.051368801071097876
850.5	8.81	0.05125993394493735
850.6	8.81	0.051138532905619656
850.7	8.81	0.05100309451946749
850.8	8.81	0.050851810841609855
850.9	8.81	0.05068248290851521
851.0	8.81	0.05049240315417986
851.1	8.81	0.05027819375711515
851.2	8.81	0.05003558242972925
851.3	8.81	0.04648367610103878
851.4	8.81	0.047041190917582305
851.5	8.81	0.04764866878834601
851.6	8.81	0.04831830487187565
851.7	8.81	0.04906571909228587
851.8	8.81	0.04990948266806605
851.9	8.81	0.05086739374281421
852.0	8.81	0.0519461446866694
850.0	8.8	0.05184524577465165
850.1	8.8	0.05177249396774601
850.2	8.8	0.05169083624992458
850.3	8.8	0.05159939857441426
850.4	8.8	0.0514971590104817
850.5	8.8	0.05138291159034512
850.6	8.8	0.05125521860979594
850.7	8.8	0.051112346809017564
850.8	8.8	0.0509521807058707
850.9	8.8	0.05077210304968307
851.0	8.8	0.050568827269850784
851.1	8.8	0.05033815899080041
851.2	8.8	0.05007465210928302
851.3	8.8	0.04671899569499662
851.4	8.8	0.04731178093542389
851.5	8.8	0.04796702670099371
851.6	8.8	0.048702469688832815
851.7	8.8	0.049541068203404204
851.8	8.8	0.05050834494127774
851.9	8.8	0.05162030922976673
852.0	8.8	0.05285923965169123
850.0	8.79	0.051992174253832464
850.1	8.79	0.05191636691422126
850.2	8.79	0.051831220462199866
850.3	8.79	0.05173576883208735
850.4	8.79	0.05162887139213692
850.5	8.79	0.05150916699249739
850.6	8.79	0.051375012040874
850.7	8.79	0.05122439563133011
850.8	8.79	0.051054821068855026
850.9	8.79	0.05086313718895963
851.0	8.79	0.050645293148693635
851.1	8.79	0.05039597438562172
851.2	8.79	0.050108051624506704
851.3	8.79	0.04696547196151576
851.4	8.79	0.0476029484767818
851.5	8.79	0.048321702407641824
851.6	8.79	0.04914912926270122
851.7	8.79	0.05012019029294267
851.8	8.79	0.051265337119682806
851.9	8.79	0.05257369515632835
852.0	8.79	0.053962878897554516
850.0	8.78	0.052142919398630624
850.1	8.78	0.052064185919080845
850.2	8.78	0.051975669867575125
850.3	8.78	0.05187630338622127
850.4	8.78	0.05176481207527803
850.5	8.78	0.05163965623695282
850.6	8.78	0.05149894978340637
850.7	8.78	0.05134034599139477
850.8	8.78	0.05116087283723131
850.9	8.78	0.05095668961451414
851.0	8.78	0.050722717203549914
851.1	8.78	0.0504520598495057
851.2	8.78	0.050135074636044615
851.3	8.78	0.04722620041246366
851.4	8.78	0.047922911371827845
851.5	8.78	0.04873153385767694
851.6	8.78	0.04969765954707825
851.7	8.78	0.05087314770239871
851.8	8.78	0.05226433045511978
851.9	8.78	0.05376195328338321
852.0	8.78	0.055216055965964905
850.0	8.77	0.05229820977296091
850.1	8.77	0.05221676278443122
850.2	8.77	0.052125090956501086
850.3	8.77	0.05202201598997006
850.4	8.77	0.0519061152119814
850.5	8.77	0.051775646189966634
850.6	8.77	0.051628439847972364
850.7	8.77	0.05146174505549837
850.8	8.77	0.05127199610508466
850.9	8.77	0.051054453351835415
851.0	8.77	0.05080262709830629
851.1	8.77	0.050507315585402626
851.2	8.77	0.050154927830959144
851.3	8.77	0.04750613117447364
851.4	8.77	0.048286686862053195
851.5	8.77	0.04923493405464057
851.6	8.77	0.050432249177409995
851.7	8.77	0.05192338646094986
851.8	8.77	0.053562161925223666
851.9	8.77	0.05512124444647045
852.0	8.77	0.05652226733940028
850.0	8.76	0.05245894437486814
850.1	8.76	0.05237511198576832
850.2	8.76	0.05228063313344122
850.3	8.76	0.05217421388748682
850.4	8.76	0.052054272380967215
850.5	8.76	0.05191884223116506
850.6	8.76	0.05176543140552031
850.7	8.76	0.05159080946171583
850.8	8.76	0.05139067500275997
850.9	8.76	0.05115911343159091
851.0	8.76	0.05088766761272074
851.1	8.76	0.050563649206376564
851.2	8.76	0.05016685789970967
851.3	8.76	0.04781403933912433
851.4	8.76	0.048726387988896364
851.5	8.76	0.04992608017266262
851.6	8.76	0.0515380314319868
851.7	8.76	0.05337016751659618
851.8	8.76	0.05505288641906393
851.9	8.76	0.056513281584629434
852.0	8.76	0.057799039483657666
850.0	8.75	0.052626241205395254
850.1	8.75	0.05254051295080443
850.2	8.75	0.052443769649883155
850.3	8.75	0.0523346045224348
850.4	8.75	0.052211275491125184
850.5	8.75	0.05207158282405582
850.6	8.75	0.051912684267067785
850.7	8.75	0.05173080474306679
850.8	8.75	0.05152075896185075
850.9	8.75	0.05127512114056878
851.0	8.75	0.05098267765606243
851.1	8.75	0.05062528259110386
851.2	8.75	0.050170732764755
851.3	8.75	0.04816829333254938
851.4	8.75	0.04933150256422818
851.5	8.75	0.051084031881183774
851.6	8.75	0.05320110742955637
851.7	8.75	0.05502382224613776
851.8	8.75	0.056536594853941295
851.9	8.75	0.0578435408343625
852.0	8.75	0.059009574400955035
850.0	8.74	0.05280150278646366
850.1	8.74	0.05271459586634675
850.2	8.74	0.052616411857049156
850.3	8.74	0.05250545049783131
850.4	8.74	0.05237983132454383
850.5	8.74	0.05223714345477754
850.6	8.74	0.05207421057519618
850.7	8.74	0.05188670525401472
850.8	8.74	0.05166847745172694
850.9	8.74	0.05141029458049193
851.0	8.74	0.051097234332589496
851.1	8.74	0.05070252028954212
851.2	8.74	0.05016987859557343
851.3	8.74	0.04862164994864825
851.4	8.74	0.05050405177395926
851.5	8.74	0.0530905025221717
851.6	8.74	0.055051232955247324
851.7	8.74	0.05659900542758594
851.8	8.74	0.05791595804904596
851.9	8.74	0.059084192365812735
852.0	8.74	0.060146993066012906
850.0	8.73	0.05298650534418419
850.1	8.73	0.05289946117934245
850.2	8.73	0.052801072611859255
850.3	8.73	0.05268979825518397
850.4	8.73	0.052563690210742135
850.5	8.73	0.05242022386735515
850.6	8.73	0.05225602370073805
850.7	8.73	0.05206639534096002
850.8	8.73	0.05184446589136021
850.9	8.73	0.051579441537884387
851.0	8.73	0.05125255330573554
851.1	8.73	0.05082540586299622
851.2	8.73	0.0501911611227798
851.3	8.73	0.04957733025859279
851.4	8.73	0.05311739924235281
851.5	8.73	0.055154251749987324
851.6	8.73	0.056706467615341025
851.7	8.73	0.05801871658551288
851.8	8.73	0.05918100887514336
851.9	8.73	0.06023813976183959
852.0	8.73	0.06121620781912311
850.0	8.72	0.0531835210818732
850.1	8.72	0.05309784750123968
850.2	8.72	0.05300110258627487
850.3	8.72	0.05289182034694972
850.4	8.72	0.052768158885615514
850.5	8.72	0.05262774844045791
850.6	8.72	0.052467450979074896
850.7	8.72	0.05228296050529289
850.8	8.72	0.052068098298839675
850.9	8.72	0.05181348708776891
851.0	8.72	0.05150396191598578
851.1	8.72	0.05111544722952619
851.2	8.72	0.05078762783559522
851.3	8.72	0.053392933565704154
851.4	8.72	0.055346488484458174
851.5	8.72	0.05686244791950121
851.6	8.72	0.0581531355774317
851.7	8.72	0.059300675849420996
851.8	8.72	0.06034686276917675
851.9	8.72	0.06131637021810769
852.0	8.72	0.06222519785273245
850.0	8.71	0.05339548647259609
850.1	8.71	0.053313368719504345
850.2	8.71	0.053221034307620436
850.3	8.71	0.05311733237884223
850.4	8.71	0.053000910722931165
850.5	8.71	0.05287020396745081
850.6	8.71	0.052723493006357945
850.7	8.71	0.05255922371416068
850.8	8.71	0.052377310701039896
850.9	8.71	0.05218483553056503
851.0	8.71	0.05202842422344472
851.1	8.71	0.052275610397061856
851.2	8.71	0.05390605360148106
851.3	8.71	0.05562634226662498
851.4	8.71	0.05706647446024271
851.5	8.71	0.05831906427733618
851.6	8.71	0.05944316833774374
851.7	8.71	0.060473195339875434
851.8	8.71	0.06143072030837641
851.9	8.71	0.062330206458478546
852.0	8.71	0.06318187218150102
850.0	8.7	0.05362623338278418
850.1	8.7	0.053550848044432574
850.2	8.7	0.05346708173864707
850.3	8.7	0.05337457149601369
850.4	8.7	0.053273261468102635
850.5	8.7	0.05316386626044993
850.6	8.7	0.053049037782273885
850.7	8.7	0.05293662388497354
850.8	8.7	0.052850220646489914
850.9	8.7	0.05287035841243071
851.0	8.7	0.05329305621101706
851.1	8.7	0.054511198994353666
851.2	8.7	0.05597541207838941
851.3	8.7	0.05731380935701678
851.4	8.7	0.058514773453767766
851.5	8.7	0.05960773491989158
851.6	8.7	0.06061678649851162
851.7	8.7	0.061559097621107235
851.8	8.7	0.06244695328076711
851.9	8.7	0.06328937432707124
852.0	8.7	0.06409317016636282
850.0	8.69	0.05388080215644742
850.1	8.69	0.05381678050522537
850.2	8.69	0.05374784941039495
850.3	8.69	0.05367533305629504
850.4	8.69	0.05360209095408121
850.5	8.69	0.05353426234275977
850.6	8.69	0.05348556361769913
850.7	8.69	0.05348898412690332
850.8	8.69	0.053630346163667686
850.9	8.69	0.05411386929912216
851.0	8.69	0.05511557481285167
851.1	8.69	0.056368273910788226
851.2	8.69	0.05759659697790855
851.3	8.69	0.0587371685334901
851.4	8.69	0.05979294475484898
851.5	8.69	0.06077690856281162
851.6	8.69	0.06170111475167537
851.7	8.69	0.06257523261724948
851.8	8.69	0.06340682246895168
851.9	8.69	0.06420181860344289
852.0	8.69	0.06496493650651479
850.0	8.68	0.0541658503784809
850.1	8.68	0.054119942286712394
850.2	8.68	0.05407527122584636
850.3	8.68	0.05403646696848414
850.4	8.68	0.05401229346912233
850.5	8.68	0.054020143471115174
850.6	8.68	0.05409637943527624
850.7	8.68	0.05431814736926791
850.8	8.68	0.054821245085976314
850.9	8.68	0.05569133147002352
851.0	8.68	0.056782942189808755
851.1	8.68	0.057905817604603324
851.2	8.68	0.05898225427446602
851.3	8.68	0.05999682255808411
851.4	8.68	0.06095250021899449
851.5	8.68	0.06185617005887131
851.6	8.68	0.06271469446706116
851.7	8.68	0.06353401389120907
851.8	8.68	0.06431907329414543
851.9	8.68	0.06507395363526386
852.0	8.68	0.06580203138263462
850.0	8.67	0.05449014113613178
850.1	8.67	0.05447209546667394
850.2	8.67	0.054465622259187434
850.3	8.67	0.05448124261166706
850.4	8.67	0.05453810694254173
850.5	8.67	0.05467190514914901
850.6	8.67	0.054946741887402284
850.7	8.67	0.055452805406526764
850.8	8.67	0.05623433079018559
850.9	8.67	0.057204566216679895
851.0	8.67	0.05823300258871762
851.1	8.67	0.05924568487772694
851.2	8.67	0.060217038355233996
851.3	8.67	0.06114223758070172
851.4	8.67	0.06202347498401752
851.5	8.67	0.06286485404523727
851.6	8.67	0.06367064613604724
851.7	8.67	0.06444474649448885
851.8	8.67	0.06519054994293899
851.9	8.67	0.06591096842214167
852.0	8.67	0.06660849023875912
850.0	8.66	0.05486500063312084
850.1	8.66	0.054888514167910164
850.2	8.66	0.054939879741326234
850.3	8.66	0.05503854045160454
850.4	8.66	0.055217272851436426
850.5	8.66	0.055527319833904874
850.6	8.66	0.056029268702097845
850.7	8.66	0.05674685616583011
850.8	8.66	0.05762443121112637
850.9	8.66	0.05857116234191465
851.0	8.66	0.05952323732223732
851.1	8.66	0.06045110866369972
851.2	8.66	0.061344620739927594
851.3	8.66	0.062202092207428394
851.4	8.66	0.0630251083483744
851.5	8.66	0.06381632334864912
851.6	8.66	0.0645785757908551
851.7	8.66	0.06531455197608901
851.8	8.66	0.06602667563321832
851.9	8.66	0.06671708980424669
852.0	8.66	0.0673876743395934
850.0	8.65	0.055304403370290155
850.1	8.65	0.05538752294773296
850.2	8.65	0.05552145059827075
850.3	8.65	0.05573509041338333
850.4	8.65	0.05606864653867614
850.5	8.65	0.05656345950538065
850.6	8.65	0.057232486345208305
850.7	8.65	0.058037877259979706
850.8	8.65	0.0589149982875612
850.9	8.65	0.05981112217120953
851.0	8.65	0.060696572045651424
851.1	8.65	0.061558062195308315
851.2	8.65	0.06239097963540523
851.3	8.65	0.06319475793557436
851.4	8.65	0.06397056667270201
851.5	8.65	0.06472022844515596
851.6	8.65	0.0654457265332252
851.7	8.65	0.06614898938596218
851.8	8.65	0.06683180411711644
851.9	8.65	0.06749578971011636
852.0	8.65	0.06814239720441154
850.0	8.64	0.055823912039710634
850.1	8.64	0.05598741011915524
850.2	8.64	0.056228157197726183
850.3	8.64	0.05657745078177725
850.4	8.64	0.05706395482981713
850.5	8.64	0.057694680026420385
850.6	8.64	0.05844263794437723
850.7	8.64	0.05926071480374939
850.8	8.64	0.06010612815751782
850.9	8.64	0.06095111808480213
851.0	8.64	0.06178096591962805
851.1	8.64	0.06258903511391237
851.2	8.64	0.06337303168315059
851.3	8.64	0.06413282773934013
851.4	8.64	0.06486930846080688
851.5	8.64	0.06558378398791877
851.6	8.64	0.06627769587095861
851.7	8.64	0.06695247448883856
851.8	8.64	0.06760947354926407
851.9	8.64	0.06824994380902806
852.0	8.64	0.06887502651069283
850.0	8.63	0.05643730014816844
850.1	8.63	0.056699135549392196
850.2	8.63	0.057058916061021356
850.3	8.63	0.05753681390488947
850.4	8.63	0.05813643724650109
850.5	8.63	0.058837785412054984
850.6	8.63	0.05960569691094171
850.7	8.63	0.060405643051917896
850.8	8.63	0.06121266555173743
850.9	8.63	0.06201179016923766
851.0	8.63	0.06279513762378788
851.1	8.63	0.0635591122630827
851.2	8.63	0.06430250410810522
851.3	8.63	0.0650253658077557
851.4	8.63	0.06572838365862733
851.5	8.63	0.06641253404558686
851.6	8.63	0.06707889880867934
851.7	8.63	0.06772856804209555
851.8	8.63	0.06836259085538572
851.9	8.63	0.06898195239664122
852.0	8.63	0.06958756516264518
850.0	8.62	0.057150422118863564
850.1	8.62	0.05751708022129288
850.2	8.62	0.05798649426815114
850.3	8.62	0.05856027311316058
850.4	8.62	0.0592231154049267
850.5	8.62	0.05994819554818933
850.6	8.62	0.06070760248732485
850.7	8.62	0.061479396909869456
850.8	8.62	0.06224909166683625
850.9	8.62	0.06300818211838566
851.0	8.62	0.06375216041849467
851.1	8.62	0.064478955504085
851.2	8.62	0.06518790713981931
851.3	8.62	0.06587914084750492
851.4	8.62	0.06655320022865326
851.5	8.62	0.06721083450057753
851.6	8.62	0.06785287727936615
851.7	8.62	0.06848017852625901
851.8	8.62	0.06909356739809575
851.9	8.62	0.069693833043285
852.0	8.62	0.07028171578067921
850.0	8.61	0.05795512997753375
850.1	8.61	0.058416378229276235
850.2	8.61	0.05896827526618179
850.3	8.61	0.05959880050052082
850.4	8.61	0.0602870718498465
850.5	8.61	0.06101040772010581
850.6	8.61	0.06174976116662982
850.7	8.61	0.062491552278233886
850.8	8.61	0.0632271066712031
850.9	8.61	0.06395133663560891
851.0	8.61	0.06466151982411289
851.1	8.61	0.0653564073188482
851.2	8.61	0.06603563510321328
851.3	8.61	0.06669935405549271
851.4	8.61	0.06734800285384603
851.5	8.61	0.06798217043867573
851.6	8.61	0.06860251357053108
851.7	8.61	0.06920970804778889
851.8	8.61	0.06980442044920154
851.9	8.61	0.07038729238341818
852.0	8.61	0.07095893234377938
850.0	8.6	0.058829095285411415
850.1	8.6	0.059362175445337687
850.2	8.6	0.05996519726629218
850.3	8.6	0.06062160677354711
850.4	8.6	0.061312838006543934
850.5	8.6	0.0620224571167997
850.6	8.6	0.06273799131536736
850.7	8.6	0.0634509118725539
850.8	8.6	0.06415581939929585
850.9	8.6	0.06484952810747702
851.0	8.6	0.06553032111537559
851.1	8.6	0.066197419246223
851.2	8.6	0.06685062546110647
851.3	8.6	0.06749009448684584
851.4	8.6	0.0681161861247204
851.5	8.6	0.06872937280997296
851.6	8.6	0.06933018185537784
851.7	8.6	0.06991915974625584
851.8	8.6	0.07049685043236101
851.9	8.6	0.07106378249974842
852.0	8.6	0.07162046196936782
850.0	8.59	0.059743415004987054
850.1	8.59	0.060322740127199875
850.2	8.59	0.060951365918542784
850.3	8.59	0.06161397075639245
850.4	8.59	0.06229640665395388
850.5	8.59	0.06298736729179999
850.6	8.59	0.06367867328578278
850.7	8.59	0.06436481975306459
850.8	8.59	0.06504231792811756
850.9	8.59	0.06570909456066089
851.0	8.59	0.06636402872073165
851.1	8.59	0.0670066223460288
851.2	8.59	0.06763677567256048
851.3	8.59	0.06825463765388831
851.4	8.59	0.06886050762083748
851.5	8.59	0.06945477116827097
851.6	8.59	0.07003785865765139
851.7	8.59	0.07061021859495915
851.8	8.59	0.07117230077866028
851.9	8.59	0.07172454586195487
852.0	8.59	0.0722673791230959
850.0	8.58	0.06067188404310025
850.1	8.58	0.06127610615679668
850.2	8.58	0.06191311456219395
850.3	8.58	0.06257072485156359
850.4	8.58	0.06323877275980518
850.5	8.58	0.06390954823187404
850.6	8.58	0.06457759229419406
850.7	8.58	0.06523924491659584
850.8	8.58	0.06589217555428833
850.9	8.58	0.06653499089172364
851.0	8.58	0.06716693859231761
851.1	8.58	0.06778769524501763
851.2	8.58	0.06839721904710938
851.3	8.58	0.06899564919023404
851.4	8.58	0.06958323783847116
851.5	8.58	0.07016030445829713
851.6	8.58	0.07072720534517898
851.7	8.58	0.0712843134427025
851.8	8.58	0.07183200512360324
851.9	8.58	0.07237065167821763
852.0	8.58	0.07290061398445101
850.0	8.57	0.06159571231513669
850.1	8.57	0.06220975579939157
850.2	8.57	0.06284469089350664
850.3	8.57	0.06349142520539879
850.4	8.57	0.06414277829307963
850.5	8.57	0.06479344299651607
850.6	8.57	0.06543969232803479
850.7	8.57	0.06607902346060045
850.8	8.57	0.06670983397443526
850.9	8.57	0.06733116212628087
851.0	8.57	0.06794249181112155
851.1	8.57	0.06854361148609217
851.2	8.57	0.06913451433064903
851.3	8.57	0.06971532850261092
851.4	8.57	0.07028626881286959
851.5	8.57	0.07084760343590055
851.6	8.57	0.07139963110095567
851.7	8.57	0.07194266556502792
851.8	8.57	0.07247702513902356
851.9	8.57	0.07300302571951442
852.0	8.57	0.07352097625164547
850.0	8.56	0.06250351745723237
850.1	8.56	0.06311772198589008
850.2	8.56	0.06374465619087477
850.3	8.56	0.06437768882322387
850.4	8.56	0.06501173437801712
850.5	8.56	0.06564307872029349
850.6	8.56	0.06626911753888737
850.7	8.56	0.06688809535343077
850.8	8.56	0.0674988827621968
850.9	8.56	0.06810080100756459
851.0	8.56	0.06869348998904547
851.1	8.56	0.06927681162746198
851.2	8.56	0.06985078026821936
851.3	8.56	0.07041551306659019
851.4	8.56	0.07097119485313445
851.5	8.56	0.07151805337728616
851.6	8.56	0.0720563419456457
851.7	8.56	0.07258632731436766
851.8	8.56	0.07310828131064412
851.9	8.56	0.07362247510003336
852.0	8.56	0.074129175330688
850.0	8.55	0.06338935109089214
850.1	8.55	0.06399790020111211
850.2	8.55	0.06461368652818132
850.3	8.55	0.06523188854723755
850.4	8.55	0.06584886389317421
850.5	8.55	0.06646196413693141
850.6	8.55	0.06706932911067295
850.7	8.55	0.06766969960017961
850.8	8.55	0.06826226256299399
850.9	8.55	0.0688465300687696
851.0	8.55	0.06942224769195889
851.1	8.55	0.06998932659044535
851.2	8.55	0.07054779378502275
851.3	8.55	0.07109775605933648
851.4	8.55	0.0716393738947702
851.5	8.55	0.0721728427322641
851.6	8.55	0.07269837955749349
851.7	8.55	0.07321621334417545
851.8	8.55	0.07372657829079592
851.9	8.55	0.07422970907917305
852.0	8.55	0.07472583759620803
850.0	8.54	0.06425068405224253
850.1	8.54	0.06485025591471555
850.2	8.54	0.06545338860774699
850.3	8.54	0.06605655327362114
850.4	8.54	0.06665710263303248
850.5	8.54	0.06725311263165272
850.6	8.54	0.0678432277872214
850.7	8.54	0.06842652694780497
850.8	8.54	0.06900241414720844
850.9	8.54	0.06957053329506928
851.0	8.54	0.07013070312009587
851.1	8.54	0.07068286833102591
851.2	8.54	0.0712270633219718
851.3	8.54	0.07176338538056246
851.4	8.54	0.07229197500408906
851.5	8.54	0.0728130014928692
851.6	8.54	0.0733266524449883
851.7	8.54	0.07383312612907894
851.8	8.54	0.07433262597820686
851.9	8.54	0.07482535664652426
852.0	8.54	0.07531152121712907
850.0	8.53	0.0650869551505927
850.1	8.53	0.06567577880736906
850.2	8.53	0.06626570092770141
850.3	8.53	0.06685411014216472
850.4	8.53	0.0674390521952204
850.5	8.53	0.06801910448184555
850.6	8.53	0.06859326141677698
850.7	8.53	0.06916083751499082
850.8	8.53	0.06972138916434856
850.9	8.53	0.07027465330556115
851.0	8.53	0.07082050026472994
851.1	8.53	0.07135889791785005
851.2	8.53	0.07188988468703425
851.3	8.53	0.0724135493053183
851.4	8.53	0.07293001571509876
851.5	8.53	0.07343943183568949
851.6	8.53	0.07394196123637149
851.7	8.53	0.07443777698705478
851.8	8.53	0.0749270571396772
851.9	8.53	0.0754099814302635
852.0	8.53	0.07588672889475824
850.0	8.52	0.06589866371534746
850.1	8.52	0.06647591135378983
850.2	8.52	0.06705260501393683
850.3	8.52	0.06762678747907988
850.4	8.52	0.0681969938904045
850.5	8.52	0.06876215527357665
850.6	8.52	0.06932151364280358
850.7	8.52	0.0698745512398781
850.8	8.52	0.0704209335396121
850.9	8.52	0.07096046435682822
851.0	8.52	0.07149305100514099
851.1	8.52	0.07201867752395574
851.2	8.52	0.07253738424363394
851.3	8.52	0.07304925226193304
851.4	8.52	0.0735543916930393
851.5	8.52	0.07405293279904034
851.6	8.52	0.07454501931667944
851.7	8.52	0.0750308034531949
851.8	8.52	0.07551044215012839
851.9	8.52	0.07598409431000781
852.0	8.52	0.07645191875425737
850.0	8.51	0.06668684017658778
850.1	8.51	0.06725224915263332
850.2	8.51	0.06781599493297419
850.3	8.51	0.06837659126917107
850.4	8.51	0.06893292421190954
850.5	8.51	0.0694841786745927
850.6	8.51	0.07002977520411263
850.7	8.51	0.0705693176580255
850.8	8.51	0.0711025510181997
850.9	8.51	0.07162932796498642
851.0	8.51	0.07214958270420918
851.1	8.51	0.07266331063865296
851.2	8.51	0.0731705526677086
851.3	8.51	0.07367138311045789
851.4	8.51	0.07416590044484825
851.5	8.51	0.07465422022534182
851.6	8.51	0.07513646968116418
851.7	8.51	0.07561278360893597
851.8	8.51	0.07608330126154084
851.9	8.51	0.07654816400347304
852.0	8.51	0.07700751355582837
850.0	8.5	0.06745274918978214
850.1	8.5	0.06800638999047257
850.2	8.5	0.0685576258136898
850.3	8.5	0.06910531361827033
850.4	8.5	0.069648594961928
850.5	8.5	0.0701868401281815
850.6	8.5	0.07071960062173942
850.7	8.5	0.07124656997127057
850.8	8.5	0.07176755203456163
850.9	8.5	0.07228243572336342
851.0	8.5	0.07279117504044338
851.1	8.5	0.0732937734179221
851.2	8.5	0.07379027148854696
851.3	8.5	0.07428073757084691
851.4	8.5	0.07476526028622602
851.5	8.5	0.07524394284418309
851.6	8.5	0.07571689862946991
851.7	8.5	0.0761842478039583
851.8	8.5	0.07664611469878727
851.9	8.5	0.07710262582178587
852.0	8.5	0.07755390834387929
850.00001	9.00001	0.03913475983928126
850.10001	9.00001	0.039399708838499095
850.20001	9.00001	0.03966871799887429
850.3000099999999	9.00001	0.03994196334909191
850.40001	9.00001	0.04021963384030941
850.50001	9.00001	0.04050193256840626
850.60001	9.00001	0.040789078130344485
850.70001	9.00001	0.04108130613004115
850.8000099999999	9.00001	0.0413788708502738
850.90001	9.00001	0.04168204710836753
851.00001	9.00001	0.04199113231453287
851.10001	9.00001	0.04230644875185022
851.20001	9.00001	0.042628346096681285
851.3000099999999	9.00001	0.04860687371225183
851.40001	9.00001	0.04851643598951124
851.50001	9.00001	0.04841812997433762
851.60001	9.00001	0.048311450616595676
851.70001	9.00001	0.04819584895604634
851.8000099999999	9.00001	0.048070728095494814
851.90001	9.00001	0.04793543907143525
852.00001	9.00001	0.04778927677611152
850.00001	8.99001	0.03925478800910573
850.10001	8.99001	0.0395217763687047
850.20001	8.99001	0.039792944471027304
850.3000099999999	8.99001	0.04006847921176908
850.40001	8.99001	0.040348581622374716
850.50001	8.99001	0.04063346825077226
850.60001	8.99001	0.04092337269934224
850.70001	8.99001	0.04121854733871843
850.8000099999999	8.99001	0.04151926521796274
850.90001	8.99001	0.04182582219314867
851.00001	8.99001	0.04213853929779199
851.10001	8.99001	0.042457765379260735
851.20001	8.99001	0.04278388002492896
851.3000099999999	8.99001	0.048690201621495954
851.40001	8.99001	0.04859468278465936
851.50001	8.99001	0.04849085698774326
851.60001	8.99001	0.04837817071982007
851.70001	8.99001	0.04825602034294154
851.8000099999999	8.99001	0.048123747341840904
851.90001	8.99001	0.04798063346732653
852.00001	8.99001	0.047825895981062246
850.00001	8.98001	0.03937500708500138
850.10001	8.98001	0.03964408300471545
850.20001	8.98001	0.0399174652364676
850.3000099999999	8.98001	0.040195352522370775
850.40001	8.98001	0.04047795910513425
850.50001	8.98001	0.040765516293351976
850.60001	8.98001	0.04105827421177881
850.70001	8.98001	0.041356503759586
850.8000099999999	8.98001	0.041660498801995655
850.90001	8.98001	0.0419705786229256
851.00001	8.98001	0.04228709066807578
851.10001	8.98001	0.04261041360914008
851.20001	8.98001	0.042940960759593916
851.3000099999999	8.98001	0.04877206313430451
851.40001	8.98001	0.04867116087489442
851.50001	8.98001	0.04856146911085647
851.60001	8.98001	0.048442378708456316
851.70001	8.98001	0.04831322299002379
851.8000099999999	8.98001	0.04817327209486949
851.90001	8.98001	0.04802172723605592
852.00001	8.98001	0.047857715137160826
850.00001	8.97001	0.03949541395846353
850.10001	8.97001	0.03976662793605703
850.20001	8.97001	0.040042282365733574
850.3000099999999	8.97001	0.04032258893236995
850.40001	8.97001	0.04060777636187413
850.50001	8.97001	0.040898092202175745
850.60001	8.97001	0.04119380482296192
850.70001	8.97001	0.041495205662701116
850.8000099999999	8.97001	0.04180261175462548
850.90001	8.97001	0.04211636856640231
851.00001	8.97001	0.04243685319091652
851.10001	8.97001	0.042764477927376095
851.20001	8.97001	0.04309969429213073
851.3000099999999	8.97001	0.04885235014805889
851.40001	8.97001	0.048745730325241016
851.50001	8.97001	0.04862978781622543
851.60001	8.97001	0.04850384925667711
851.70001	8.97001	0.04836717482317537
851.8000099999999	8.97001	0.04821895149373663
851.90001	8.97001	0.04805828621750027
852.00001	8.97001	0.04788419938813029
850.00001	8.96001	0.0396159988385356
850.10001	8.96001	0.03988940366284819
850.20001	8.96001	0.04016739128918949
850.3000099999999	8.96001	0.0404501875755413
850.40001	8.96001	0.040738037165397235
850.50001	8.96001	0.04103120552207015
850.60001	8.96001	0.04132998122301251
850.70001	8.96001	0.04163467854977035
850.8000099999999	8.96001	0.04194564041333894
850.90001	8.96001	0.042263241659004344
851.00001	8.96001	0.04258789279848357
851.10001	8.96001	0.04292004422001614
851.20001	8.96001	0.04326019092776736
851.3000099999999	8.96001	0.048930942529911446
851.40001	8.96001	0.04881823428185496
851.50001	8.96001	0.048695611369409364
851.60001	8.96001	0.048562325769761785
851.70001	8.96001	0.04841755219746472
851.8000099999999	8.96001	0.048260379991378284
851.90001	8.96001	0.048089804944134305
852.00001	8.96001	0.0479047216310764
850.00001	8.950009999999999	0.03973674311409859
850.10001	8.950009999999999	0.04001239380252227
850.20001	8.950009999999999	0.04029277855224354
850.3000099999999	8.950009999999999	0.040578138778376294
850.40001	8.950009999999999	0.040868736664116
850.50001	8.950009999999999	0.04116485749398129
850.60001	8.950009999999999	0.04146681229779202
850.70001	8.950009999999999	0.04177494085015679
850.8000099999999	8.950009999999999	0.04208961507584251
850.90001	8.950009999999999	0.04241124291731903
851.00001	8.950009999999999	0.04274027272617923
851.10001	8.950009999999999	0.0430771982444217
851.20001	8.950009999999999	0.043422564243250646
851.3000099999999	8.950009999999999	0.04900770684240203
851.40001	8.950009999999999	0.04888849673342393
851.50001	8.950009999999999	0.04875871125994054
851.60001	8.950009999999999	0.04861751499871753
851.70001	8.950009999999999	0.048463982055659945
851.8000099999999	8.950009999999999	0.04829708622326641
851.90001	8.950009999999999	0.04811569114951966
852.00001	8.950009999999999	0.047918541318705654
850.00001	8.94001	0.03985761723119899
850.10001	8.94001	0.04013557090107614
850.20001	8.94001	0.040418419564429584
850.3000099999999	8.94001	0.04070642175413193
850.40001	8.94001	0.04099985903263482
850.50001	8.94001	0.041299038679701215
850.60001	8.94001	0.041604296753737814
850.70001	8.94001	0.041916001583284165
850.8000099999999	8.94001	0.04223455775300901
850.90001	8.94001	0.04256041065673967
851.00001	8.94001	0.04289405169784074
851.10001	8.94001	0.04323602422378961
851.20001	8.94001	0.04358693028499479
851.3000099999999	8.94001	0.04908249490294362
851.40001	8.94001	0.0489563198447326
851.50001	8.94001	0.04881882782320317
851.60001	8.94001	0.04866908029866947
851.70001	8.94001	0.04850603195599851
851.8000099999999	8.94001	0.048328518664592604
851.90001	8.94001	0.0481352455814782
852.00001	8.94001	0.047924776571141726
850.00001	8.93001	0.03997857861739788
850.10001	8.93001	0.04025889427881194
850.20001	8.93001	0.04054427637015106
850.3000099999999	8.93001	0.04083500230591135
850.40001	8.93001	0.04113137511973469
850.50001	8.93001	0.04143372657477726
850.60001	8.93001	0.04174242072602505
850.70001	8.93001	0.04205785800661488
850.8000099999999	8.93001	0.04238047992099981
850.90001	8.93001	0.04271077443927032
851.00001	8.93001	0.0430492821982423
851.10001	8.93001	0.043396603624783786
851.20001	8.93001	0.04375340710269068
851.3000099999999	8.93001	0.04915514208000791
851.40001	8.93001	0.049021480675858015
851.50001	8.93001	0.04887566472977915
851.60001	8.93001	0.04871663300163523
851.70001	8.93001	0.04854319713564818
851.8000099999999	8.93001	0.048354026801789865
851.90001	8.93001	0.048147635223200105
852.00001	8.93001	0.04792236684864004
850.00001	8.92001	0.0400995696723237
850.10001	8.92001	0.04038230792677348
850.20001	8.92001	0.04067029545392089
850.3000099999999	8.92001	0.04096383054803722
850.40001	8.92001	0.04126324009952523
850.50001	8.92001	0.04156888321201333
850.60001	8.92001	0.041881155369724046
850.70001	8.92001	0.04220049324773767
850.8000099999999	8.92001	0.04252738027276103
850.90001	8.92001	0.04286235305823365
851.00001	8.92001	0.04320600885412197
851.10001	8.92001	0.04355901416675569
851.20001	8.92001	0.04392211471413061
851.3000099999999	8.92001	0.04922546519299455
851.40001	8.92001	0.049083727028874674
851.50001	8.92001	0.048928881888882524
851.60001	8.92001	0.04875972115175219
851.70001	8.92001	0.04857488341044844
851.8000099999999	8.92001	0.048372835963143214
851.90001	8.92001	0.0481518571324471
852.00001	8.92001	0.04791002211438619
850.00001	8.91001	0.04022051582785058
850.10001	8.91001	0.040505738452996695
850.20001	8.91001	0.04079640557455214
850.3000099999999	8.91001	0.041092838635025594
850.40001	8.91001	0.04139539110954524
850.50001	8.91001	0.04170445273399705
850.60001	8.91001	0.0420204544078389
850.70001	8.91001	0.042343873891696096
850.8000099999999	8.91001	0.04267524244085552
850.90001	8.91001	0.04301515253901017
851.00001	8.91001	0.04336426692088425
851.10001	8.91001	0.04372332909541897
851.20001	8.91001	0.044093175598175625
851.3000099999999	8.91001	0.04929325983652016
851.40001	8.91001	0.04914277206472115
851.50001	8.91001	0.0489780861250315
851.60001	8.91001	0.04879781452084242
851.70001	8.91001	0.048600384157146424
851.8000099999999	8.91001	0.04838401305801528
851.90001	8.91001	0.048146688717450835
852.00001	8.91001	0.04788615234694956
850.00001	8.90001	0.04034132366182033
850.10001	8.90001	0.040629093056599896
850.20001	8.90001	0.0409225155994501
850.3000099999999	8.90001	0.04122193846180183
850.40001	8.90001	0.04152774483148859
850.50001	8.90001	0.041840358882224836
850.60001	8.90001	0.04216025157640492
850.70001	8.90001	0.04248794745845822
850.8000099999999	8.90001	0.04282403262574425
850.90001	8.90001	0.043169164097576464
851.00001	8.90001	0.043524080839098166
851.10001	8.90001	0.04388961673234582
851.20001	8.90001	0.04426671581536817
851.3000099999999	8.90001	0.04935829688763219
851.40001	8.90001	0.04919828719054535
851.50001	8.90001	0.04902281870832016
851.60001	8.90001	0.0488302843184385
851.70001	8.90001	0.048618848761330845
851.8000099999999	8.90001	0.04838641905877878
851.90001	8.90001	0.04813061804585845
852.00001	8.90001	0.04784876795234238
850.00001	8.89001	0.040461879025781154
850.10001	8.89001	0.040752257481754525
850.20001	8.89001	0.04104851228151736
850.3000099999999	8.89001	0.041351019266871306
850.40001	8.89001	0.041660194934492106
850.50001	8.89001	0.04197650231053676
850.60001	8.89001	0.04230045786263918
850.70001	8.89001	0.04263263965720245
850.8000099999999	8.89001	0.04297369701249501
850.90001	8.89001	0.04332436194727439
851.00001	8.89001	0.04368546277904964
851.10001	8.89001	0.04405794028179798
851.20001	8.89001	0.044442866860754285
851.3000099999999	8.89001	0.049420317867075146
851.40001	8.89001	0.04924989250666619
851.50001	8.89001	0.04906253839145858
851.60001	8.89001	0.04885637521946977
851.70001	8.89001	0.0486292385325106
851.8000099999999	8.89001	0.04837864175924948
851.90001	8.89001	0.0481017441418705
852.00001	8.89001	0.047795336221843315
850.00001	8.88001	0.04058204511883365
850.10001	8.88001	0.040875093871889256
850.20001	8.88001	0.04117425788542048
850.3000099999999	8.88001	0.04147994502976463
850.40001	8.88001	0.041792609255127344
850.50001	8.88001	0.04211275757863899
850.60001	8.88001	0.042440958373653526
850.70001	8.88001	0.04277785123914279
850.8000099999999	8.88001	0.04312415878883398
850.90001	8.88001	0.04348070077272586
851.00001	8.88001	0.04384841102664509
851.10001	8.88001	0.044228357833744715
851.20001	8.88001	0.04462176836251053
851.3000099999999	8.88001	0.049479028698144814
851.40001	8.88001	0.049297143778717065
851.50001	8.88001	0.04909659793208176
851.60001	8.88001	0.04887516605338422
851.70001	8.88001	0.048630263808212934
851.8000099999999	8.88001	0.04835889849364853
851.90001	8.88001	0.04805763109923475
852.00001	8.88001	0.047722569990571624
850.00001	8.870009999999999	0.04070166040523953
850.10001	8.870009999999999	0.04099743840549926
850.20001	8.870009999999999	0.041299587525460583
850.3000099999999	8.870009999999999	0.04160855150281446
850.40001	8.870009999999999	0.04192482652903608
850.50001	8.870009999999999	0.04224896961314934
850.60001	8.870009999999999	0.04258160859472247
850.70001	8.870009999999999	0.042923454181719056
850.8000099999999	8.870009999999999	0.04327531447960389
850.90001	8.870009999999999	0.04363811258796087
851.00001	8.870009999999999	0.044012907969603006
851.10001	8.870009999999999	0.04440092243905765
851.20001	8.870009999999999	0.04480357175497172
851.3000099999999	8.870009999999999	0.04953409121365642
851.40001	8.870009999999999	0.04933951438889459
851.50001	8.870009999999999	0.04912421097957058
851.60001	8.870009999999999	0.04888551336171548
851.70001	8.870009999999999	0.048620292084157336
851.8000099999999	8.870009999999999	0.04832489185024637
851.90001	8.870009999999999	0.04799508924133649
852.00001	8.870009999999999	0.04762610948131663
850.00001	8.860009999999999	0.04082053623193706
850.10001	8.860009999999999	0.041119098546877945
850.20001	8.860009999999999	0.041424306021250974
850.3000099999999	8.860009999999999	0.04173664265160187
850.40001	8.860009999999999	0.04205665241170279
850.50001	8.860009999999999	0.04238494933225562
850.60001	8.860009999999999	0.042722229688961735
850.70001	8.860009999999999	0.043069286812989285
850.8000099999999	8.860009999999999	0.04342702917314179
850.90001	8.860009999999999	0.04379650254707678
851.00001	8.860009999999999	0.044178917301837164
851.10001	8.860009999999999	0.04457568203648273
851.20001	8.860009999999999	0.044988445077993044
851.3000099999999	8.860009999999999	0.04958511145990679
851.40001	8.860009999999999	0.04937636988475603
851.50001	8.860009999999999	0.04914440435350542
851.60001	8.860009999999999	0.0488859683351422
851.70001	8.860009999999999	0.04859721014577972
851.8000099999999	8.860009999999999	0.04827358952798108
851.90001	8.860009999999999	0.04790983774209997
852.00001	8.860009999999999	0.04750003266657748
850.00001	8.85001	0.040938453951481026
850.10001	8.85001	0.041239849685387485
850.20001	8.85001	0.04154818400629931
850.3000099999999	8.85001	0.04186398619305407
850.40001	8.85001	0.04218785442293358
850.50001	8.85001	0.042520468005907835
850.60001	8.85001	0.04286260234111221
850.70001	8.85001	0.043215147308210154
850.8000099999999	8.85001	0.04357913001106443
850.90001	8.85001	0.04395574305264228
851.00001	8.85001	0.04434637984625783
851.10001	8.85001	0.04475267885707332
851.20001	8.85001	0.045176579088957274
851.3000099999999	8.85001	0.04963162335953564
851.40001	8.85001	0.04940693133172025
851.50001	8.85001	0.049155947502251544
851.60001	8.85001	0.04887465099178399
851.70001	8.85001	0.048558210562088734
851.8000099999999	8.85001	0.04820087744868321
851.90001	8.85001	0.04779596894306395
852.00001	8.85001	0.04733608727618618
850.00001	8.84001	0.041055161293762896
850.10001	8.84001	0.041359430861709456
850.20001	8.84001	0.041670952932841905
850.3000099999999	8.84001	0.04199030780737179
850.40001	8.84001	0.04231815531025926
850.50001	8.84001	0.04265524975107276
850.60001	8.84001	0.043002458435762156
850.70001	8.84001	0.04336078473218884
850.8000099999999	8.84001	0.04373139700645977
850.90001	8.84001	0.04411566516193967
851.00001	8.84001	0.04451520704843265
851.10001	8.84001	0.0449319476747825
851.20001	8.84001	0.04536819492036279
851.3000099999999	8.84001	0.04967306548166386
851.40001	8.84001	0.04943022119434953
851.50001	8.84001	0.049157245023180474
851.60001	8.84001	0.04884905294748443
851.70001	8.84001	0.04849944865060062
851.8000099999999	8.84001	0.04810099280878498
851.90001	8.84001	0.04764507188636019
852.00001	8.84001	0.04712247558536905
850.00001	8.83001	0.041170367652360054
850.10001	8.83001	0.04147753918331278
850.20001	8.83001	0.04179229849577323
850.3000099999999	8.83001	0.042115283447913224
850.40001	8.83001	0.042447224133652754
850.50001	8.83001	0.042788961316669406
850.60001	8.83001	0.04314146955034526
850.70001	8.83001	0.043505886412946275
850.8000099999999	8.83001	0.04388354978154027
850.90001	8.83001	0.04427604574000276
851.00001	8.83001	0.044685270617353286
851.10001	8.83001	0.04511351182366606
851.20001	8.83001	0.04556355357073013
851.3000099999999	8.83001	0.049708747255614076
851.40001	8.83001	0.0494449809159804
851.50001	8.83001	0.049146166813674154
851.60001	8.83001	0.04880571533975905
851.70001	8.83001	0.04841546699853935
851.8000099999999	8.83001	0.04796555909345898
851.90001	8.83001	0.0474447603776991
852.00001	8.83001	0.04684196993885118
850.00001	8.82001	0.0412837378526745
850.10001	8.82001	0.041593822405539466
850.20001	8.82001	0.04191185183662941
850.3000099999999	8.82001	0.04223852896336544
850.40001	8.82001	0.04257466410066764
850.50001	8.82001	0.042921197956095426
850.60001	8.82001	0.04327923077873236
850.70001	8.82001	0.04365005983316129
850.8000099999999	8.82001	0.04403522805998847
850.90001	8.82001	0.044436587897783035
851.00001	8.82001	0.044856385797433986
851.10001	8.82001	0.045297375083901976
851.20001	8.82001	0.0457629675576738
851.3000099999999	8.82001	0.049737798403153136
851.40001	8.82001	0.04944954055884845
851.50001	8.82001	0.04911976748086325
851.60001	8.82001	0.04873967630491421
851.70001	8.82001	0.04829817993279875
851.8000099999999	8.82001	0.04778187215141105
851.90001	8.82001	0.04717617738588272
852.00001	8.82001	0.04646928981321448
850.00001	8.81001	0.041394883840452486
850.10001	8.81001	0.04170786898623546
850.20001	8.81001	0.0420291776659498
850.3000099999999	8.81001	0.042359585950160115
850.40001	8.81001	0.04269999578433767
850.50001	8.81001	0.04305146365234002
850.60001	8.81001	0.043415237686134
850.70001	8.81001	0.04379280627341698
850.8000099999999	8.81001	0.04418596250483581
850.90001	8.81001	0.044596890694611965
851.00001	8.81001	0.045028283977372255
851.10001	8.81001	0.045483505974035845
851.20001	8.81001	0.045966815015131085
851.3000099999999	8.81001	0.04975909047057532
851.40001	8.81001	0.04944160276102636
851.50001	8.81001	0.04907379682496471
851.60001	8.81001	0.04864346464331164
851.70001	8.81001	0.048134973734842865
851.8000099999999	8.81001	0.04752974063848351
851.90001	8.81001	0.04680995529330496
852.00001	8.81001	0.04596891374749151
850.00001	8.80001	0.041503353557550735
850.10001	8.80001	0.04181919469083191
850.20001	8.80001	0.04214375812889317
850.3000099999999	8.80001	0.04247790232445485
850.40001	8.80001	0.042822633765978245
850.50001	8.80001	0.04317914314419066
850.60001	8.80001	0.043548853064844836
850.70001	8.80001	0.04393348188122112
850.8000099999999	8.80001	0.04433513037405611
850.90001	8.80001	0.04475640131085166
851.00001	8.80001	0.045200567010214146
851.10001	8.80001	0.04567180783966017
851.20001	8.80001	0.04617555615088706
851.3000099999999	8.80001	0.049771109391481175
851.40001	8.80001	0.049417863172158294
851.50001	8.80001	0.04900178571339804
851.60001	8.80001	0.04850512771318516
851.70001	8.80001	0.047904918577529175
851.8000099999999	8.80001	0.047175623646502976
851.90001	8.80001	0.04630122196603848
852.00001	8.80001	0.04529942367320821
850.00001	8.790009999999999	0.04160861603707723
850.10001	8.790009999999999	0.041927224500930116
850.20001	8.790009999999999	0.0422549707880603
850.3000099999999	8.790009999999999	0.04259280546930788
850.40001	8.790009999999999	0.04294185384683034
850.50001	8.790009999999999	0.0433034619195986
850.60001	8.790009999999999	0.04367925832111707
850.70001	8.790009999999999	0.044071239203916694
850.8000099999999	8.790009999999999	0.04448188672814807
850.90001	8.790009999999999	0.04491433775500206
851.00001	8.790009999999999	0.0453726290685276
851.10001	8.790009999999999	0.045862061429293256
851.20001	8.790009999999999	0.04638975058010042
851.3000099999999	8.790009999999999	0.04977173617392559
851.40001	8.790009999999999	0.049373292173227744
851.50001	8.790009999999999	0.04889318468825431
851.60001	8.790009999999999	0.04830400587421738
851.70001	8.790009999999999	0.04757078247104613
851.8000099999999	8.790009999999999	0.04666305118592765
851.90001	8.790009999999999	0.045591675281649736
852.00001	8.790009999999999	0.04443902929709139
850.00001	8.780009999999999	0.04171004142279444
850.10001	8.780009999999999	0.04203126811676963
850.20001	8.780009999999999	0.042362058436206475
850.3000099999999	8.780009999999999	0.042703464856893025
850.40001	8.780009999999999	0.04305674657529993
850.50001	8.780009999999999	0.043423428278237176
850.60001	8.780009999999999	0.043805381248208576
850.70001	8.780009999999999	0.04420493762200745
850.8000099999999	8.780009999999999	0.04462505506883661
850.90001	8.780009999999999	0.045069560185495704
851.00001	8.780009999999999	0.0455435182396516
851.10001	8.780009999999999	0.04605381140416483
851.20001	8.780009999999999	0.04661006929566727
851.3000099999999	8.780009999999999	0.04975784005935375
851.40001	8.780009999999999	0.049299636802473526
851.50001	8.780009999999999	0.04872912079891167
851.60001	8.780009999999999	0.048000688317076365
851.70001	8.780009999999999	0.047062468378671674
851.8000099999999	8.780009999999999	0.045908117485045224
851.90001	8.780009999999999	0.044646879149376976
852.00001	8.780009999999999	0.04342870295200012
850.00001	8.77001	0.04180687415448067
850.10001	8.77001	0.04213048667271798
850.20001	8.77001	0.04246408746598777
850.3000099999999	8.77001	0.04280883957786326
850.40001	8.77001	0.04316615061807673
850.50001	8.77001	0.04353774816200618
850.60001	8.77001	0.04392578664765428
850.70001	8.77001	0.044333002799969226
850.8000099999999	8.77001	0.04476294816623548
850.90001	8.77001	0.04522034848932345
851.00001	8.77001	0.045711679835343196
851.10001	8.77001	0.046246130615032494
851.20001	8.77001	0.046837278757171766
851.3000099999999	8.77001	0.04972444417554658
851.40001	8.77001	0.04918185319534851
851.50001	8.77001	0.048471154555953924
851.60001	8.77001	0.04751096007213908
851.70001	8.77001	0.04625650410311109
851.8000099999999	8.77001	0.04485395957834587
851.90001	8.77001	0.04353064694002039
852.00001	8.77001	0.04236492256972412
850.00001	8.76001	0.04189819689840914
850.10001	8.76001	0.04222384729998266
850.20001	8.76001	0.042559890035526425
850.3000099999999	8.76001	0.04290760392022604
850.40001	8.76001	0.04326855591204393
850.50001	8.76001	0.04364469770434203
850.60001	8.76001	0.044038506873169916
850.70001	8.76001	0.04445319965023352
850.8000099999999	8.76001	0.044893063480653694
850.90001	8.76001	0.045363999280977146
851.00001	8.76001	0.04587445078988031
851.10001	8.76001	0.04643709324610253
851.20001	8.76001	0.04707211416898217
851.3000099999999	8.76001	0.0496627554375621
851.40001	8.76001	0.048987810443014375
851.50001	8.76001	0.04802509105784206
851.60001	8.76001	0.04664967028758636
851.70001	8.76001	0.04505361129042276
851.8000099999999	8.76001	0.043606505351879855
851.90001	8.76001	0.04238124868399812
852.00001	8.76001	0.0413301448612531
850.00001	8.75001	0.041982881849464575
850.10001	8.75001	0.04231006071526219
850.20001	8.75001	0.04264798299936262
850.3000099999999	8.75001	0.04299804052127795
850.40001	8.75001	0.04336196061767602
850.50001	8.75001	0.043741928513108264
850.60001	8.75001	0.044140772200825455
850.70001	8.75001	0.04456225275637114
850.8000099999999	8.75001	0.04501154174043518
850.90001	8.75001	0.04549605149081526
851.00001	8.75001	0.04602698248221348
851.10001	8.75001	0.046622467791818306
851.20001	8.75001	0.04731469808042365
851.3000099999999	8.75001	0.04955439600341228
851.40001	8.75001	0.048628011443672965
851.50001	8.75001	0.04711186148457049
851.60001	8.75001	0.045230708846705214
851.70001	8.75001	0.04364344973149463
851.8000099999999	8.75001	0.04236565523455762
851.90001	8.75001	0.041293199782078856
852.00001	8.75001	0.04036115956503395
850.00001	8.74001	0.042059524663311
850.10001	8.74001	0.04238749486070181
850.20001	8.74001	0.04272645309939674
850.3000099999999	8.74001	0.043077884848263706
850.40001	8.74001	0.04344365601339478
850.50001	8.74001	0.043826163166149755
850.60001	8.74001	0.044228568568808475
850.70001	8.74001	0.0446551858748484
850.8000099999999	8.74001	0.045112151630705345
850.90001	8.74001	0.04560868522859348
851.00001	8.74001	0.04615969608993741
851.10001	8.74001	0.04679194806779787
851.20001	8.74001	0.047561702784604205
851.3000099999999	8.74001	0.04934660765191005
851.40001	8.74001	0.04770043370729386
851.50001	8.74001	0.045349751326076417
851.60001	8.74001	0.04362431894499828
851.70001	8.74001	0.042311363790131964
851.8000099999999	8.74001	0.04122873772237915
851.90001	8.74001	0.04029432956469406
852.00001	8.74001	0.03946484540395465
850.00001	8.73001	0.042126354332986414
850.10001	8.73001	0.04245405446008721
850.20001	8.73001	0.04279279261356312
850.3000099999999	8.73001	0.04314409557134186
850.40001	8.73001	0.043509896870974576
850.50001	8.73001	0.04389270702327501
850.60001	8.73001	0.04429588772564408
850.70001	8.73001	0.044724119807175465
850.8000099999999	8.73001	0.045184262922006065
850.90001	8.73001	0.04568709795193722
851.00001	8.73001	0.04625138126140129
851.10001	8.73001	0.04691549590507914
851.20001	8.73001	0.04778626803662086
851.3000099999999	8.73001	0.04863617490372487
851.40001	8.73001	0.04533171932012449
851.50001	8.73001	0.04353000676955674
851.60001	8.73001	0.042212446960971504
851.70001	8.73001	0.041134360081712576
851.8000099999999	8.73001	0.040205726251418675
851.90001	8.73001	0.03938174093408718
852.00001	8.73001	0.03863629671221276
850.00001	8.72001	0.04218110963692087
850.10001	8.72001	0.042507011833614286
850.20001	8.72001	0.04284366176381606
850.3000099999999	8.72001	0.04319251100674726
850.40001	8.72001	0.043555387310602205
850.50001	8.72001	0.04393464656198593
850.60001	8.72001	0.044333413204968086
850.70001	8.72001	0.044755979946607384
850.8000099999999	8.72001	0.04520851252930191
850.90001	8.72001	0.045700375570038726
851.00001	8.72001	0.046246721704194325
851.10001	8.72001	0.046871614510149616
851.20001	8.72001	0.047435357560782036
851.3000099999999	8.72001	0.04506550977038383
851.40001	8.72001	0.04334693619548715
851.50001	8.72001	0.04206547101405679
851.60001	8.72001	0.04100878041821897
851.70001	8.72001	0.04009473031677546
851.8000099999999	8.72001	0.039281517384843485
851.90001	8.72001	0.03854445886577317
852.00001	8.72001	0.03786754665025322
850.00001	8.71001	0.042220869296744984
850.10001	8.71001	0.04254276823576748
850.20001	8.71001	0.04287454312435328
850.3000099999999	8.71001	0.04321733062230496
850.40001	8.71001	0.04357246901660325
850.50001	8.71001	0.04394151004416919
850.60001	8.71001	0.04432615947568024
850.70001	8.71001	0.04472795841350318
850.8000099999999	8.71001	0.045146979548313815
850.90001	8.71001	0.045576128952760975
851.00001	8.71001	0.045968768588688015
851.10001	8.71001	0.04595735317816353
851.20001	8.71001	0.044562211877601544
851.3000099999999	8.71001	0.04307674534022831
851.40001	8.71001	0.04187094496734987
851.50001	8.71001	0.040852186527541474
851.60001	8.71001	0.039961403667293935
851.70001	8.71001	0.039164178364902255
851.8000099999999	8.71001	0.03843892668991143
851.90001	8.71001	0.03777117694534098
852.00001	8.71001	0.03715070268812772
850.00001	8.700009999999999	0.0422418191138953
850.10001	8.700009999999999	0.04255651806881634
850.20001	8.700009999999999	0.04287924030209974
850.3000099999999	8.700009999999999	0.04321033481216383
850.40001	8.700009999999999	0.04354984376508478
850.50001	8.700009999999999	0.04389703917409192
850.60001	8.700009999999999	0.044249256062003924
850.70001	8.700009999999999	0.04459863383454395
850.8000099999999	8.700009999999999	0.04492156400740884
850.90001	8.700009999999999	0.04513750417619006
851.00001	8.700009999999999	0.044950423612039145
851.10001	8.700009999999999	0.04396742603058999
851.20001	8.700009999999999	0.042737875161683474
851.3000099999999	8.700009999999999	0.04163364654452511
851.40001	8.700009999999999	0.040666347384732675
851.50001	8.700009999999999	0.039806537364432994
851.60001	8.700009999999999	0.039030114385824564
851.70001	8.700009999999999	0.03831990008182343
851.8000099999999	8.700009999999999	0.037663600949398114
851.90001	8.700009999999999	0.037052188060698064
852.00001	8.700009999999999	0.03647884436823729
850.00001	8.69001	0.042238937043254786
850.10001	8.69001	0.04254178454580367
850.20001	8.69001	0.042849166964253234
850.3000099999999	8.69001	0.04315974638545867
850.40001	8.69001	0.043470649871580905
850.50001	8.69001	0.04377572507127448
850.60001	8.69001	0.044061242803053347
850.70001	8.69001	0.044294201270508794
850.8000099999999	8.69001	0.044388766080756245
850.90001	8.69001	0.04414070592256885
851.00001	8.69001	0.043373988145991485
851.10001	8.69001	0.042355790554200926
851.20001	8.69001	0.04136147216009984
851.3000099999999	8.69001	0.04045439823983564
851.40001	8.69001	0.03963160281730687
851.50001	8.69001	0.03888009358643166
851.60001	8.69001	0.03818780678834806
851.70001	8.69001	0.03754506458998148
851.8000099999999	8.69001	0.03694429857799757
851.90001	8.69001	0.03637956679063996
852.00001	8.69001	0.035846146520709304
850.00001	8.68001	0.04220558257507039
850.10001	8.68001	0.042489808501342805
850.20001	8.68001	0.042772406184601715
850.3000099999999	8.68001	0.043048732380579026
850.40001	8.68001	0.04331000997857022
850.50001	8.68001	0.04353883340640526
850.60001	8.68001	0.04369882771341133
850.70001	8.68001	0.0437128347521735
850.8000099999999	8.68001	0.04344504493091312
850.90001	8.68001	0.04280978795720353
851.00001	8.68001	0.04195251713583258
851.10001	8.68001	0.04106348147095133
851.20001	8.68001	0.04022037416502326
851.3000099999999	8.68001	0.039438615029260646
851.40001	8.68001	0.03871521688516151
851.50001	8.68001	0.03804328793843638
851.60001	8.68001	0.037415957236101985
851.70001	8.68001	0.036827276201919966
851.8000099999999	8.68001	0.036272292185006265
851.90001	8.68001	0.035746916983337255
852.00001	8.68001	0.035247767335951696
850.00001	8.67001	0.0421330066928958
850.10001	8.67001	0.042388841877023783
850.20001	8.67001	0.04263269687043512
850.3000099999999	8.67001	0.04285403737560816
850.40001	8.67001	0.04303370010319822
850.50001	8.67001	0.04313598262518299
850.60001	8.67001	0.043096768106420116
850.70001	8.67001	0.042825856480683905
850.8000099999999	8.67001	0.0422790012199038
850.90001	8.67001	0.04154294308377726
851.00001	8.67001	0.040748180499432685
851.10001	8.67001	0.03996865822592653
851.20001	8.67001	0.03922994113122968
851.3000099999999	8.67001	0.038536845212166757
851.40001	8.67001	0.03788716901915742
851.50001	8.67001	0.0372768004831504
851.60001	8.67001	0.036701460080245114
851.70001	8.67001	0.03615724486246554
851.8000099999999	8.67001	0.03564075274468913
851.90001	8.67001	0.03514906497493634
852.00001	8.67001	0.03467968689052546
850.00001	8.66001	0.04200989263275901
850.10001	8.66001	0.04222361994681792
850.20001	8.66001	0.04240907115881491
850.3000099999999	8.66001	0.04254679025813889
850.40001	8.66001	0.04260398812127894
850.50001	8.66001	0.04252940963716904
850.60001	8.66001	0.04226245564840859
850.70001	8.66001	0.04177937796493662
850.8000099999999	8.66001	0.04113581650445084
850.90001	8.66001	0.040422592060147595
851.00001	8.66001	0.03970350656738331
851.10001	8.66001	0.03900809762462095
851.20001	8.66001	0.03834651138678778
851.3000099999999	8.66001	0.037720420151666885
851.40001	8.66001	0.037128230023823094
851.50001	8.66001	0.036567278642645536
851.60001	8.66001	0.036034719694870175
851.70001	8.66001	0.03552785959772344
851.8000099999999	8.66001	0.035044267793970164
851.90001	8.66001	0.034581794870249906
852.00001	8.66001	0.034138555064931346
850.00001	8.65001	0.0418222692990261
850.10001	8.65001	0.0419758215289553
850.20001	8.65001	0.04207812548450412
850.3000099999999	8.65001	0.042100264463969146
850.40001	8.65001	0.04200202206578087
850.50001	8.65001	0.041742045867908126
850.60001	8.65001	0.041307367323435144
850.70001	8.65001	0.040735825100884505
850.8000099999999	8.65001	0.040092042427761536
850.90001	8.65001	0.03942873623012271
851.00001	8.65001	0.038775573454915134
851.10001	8.65001	0.038145830319622924
851.20001	8.65001	0.037544110738406376
851.3000099999999	8.65001	0.03697097250524219
851.40001	8.65001	0.036425237847211404
851.50001	8.65001	0.035905076415766804
851.60001	8.65001	0.03540849763127061
851.70001	8.65001	0.034933566200435584
851.8000099999999	8.65001	0.034478488624139686
851.90001	8.65001	0.03404163999553964
852.00001	8.65001	0.03362156381623722
850.00001	8.64001	0.04155457024669342
850.10001	8.64001	0.041627154546419666
850.20001	8.64001	0.041622033720406286
850.3000099999999	8.64001	0.04150789796917745
850.40001	8.64001	0.04125607140779877
850.50001	8.64001	0.040859531802439564
850.60001	8.64001	0.04034525641824804
850.70001	8.64001	0.03976034826977447
850.8000099999999	8.64001	0.0391475794443182
850.90001	8.64001	0.038534699917142
851.00001	8.64001	0.03793641883058058
851.10001	8.64001	0.03735936363838965
851.20001	8.64001	0.036805819666768436
851.3000099999999	8.64001	0.036275906587606675
851.40001	8.64001	0.03576873145417965
851.50001	8.64001	0.0352829768103818
851.60001	8.64001	0.03481719424719577
851.70001	8.64001	0.0343699469876754
851.8000099999999	8.64001	0.03393987538990033
851.90001	8.64001	0.03352572322916448
852.00001	8.64001	0.033126344263191936
850.00001	8.63001	0.041193010256974985
850.10001	8.63001	0.041166647432951634
850.20001	8.63001	0.041041867675591016
850.3000099999999	8.63001	0.04079848680191036
850.40001	8.63001	0.0404328850640562
850.50001	8.63001	0.039965051942343066
850.60001	8.63001	0.03943013813230001
850.70001	8.63001	0.038862661937488614
850.8000099999999	8.63001	0.03828757166937911
850.90001	8.63001	0.03771983202114797
851.00001	8.63001	0.037167313156574025
851.10001	8.63001	0.03663360204901531
851.20001	8.63001	0.036119900442577096
851.3000099999999	8.63001	0.03562614790306515
851.40001	8.63001	0.03515165080313438
851.50001	8.63001	0.034695425886060526
851.60001	8.63001	0.03425638490252551
851.70001	8.63001	0.03383343181476444
851.8000099999999	8.63001	0.03342551203782929
851.90001	8.63001	0.03303163541826913
852.00001	8.63001	0.03265088492524257
850.00001	8.620009999999999	0.04073171478564604
850.10001	8.620009999999999	0.04059989912693576
850.20001	8.620009999999999	0.04036484025084874
850.3000099999999	8.620009999999999	0.040024917689201765
850.40001	8.620009999999999	0.03959542156951526
850.50001	8.620009999999999	0.03910316666333116
850.60001	8.620009999999999	0.038576053611772756
850.70001	8.620009999999999	0.03803601173052186
850.8000099999999	8.620009999999999	0.03749751859743217
850.90001	8.620009999999999	0.036969069714239425
851.00001	8.620009999999999	0.03645516422863977
851.10001	8.620009999999999	0.03595786495134872
851.20001	8.620009999999999	0.03547782431687059
851.3000099999999	8.620009999999999	0.03501490945902536
851.40001	8.620009999999999	0.034568569892745975
851.50001	8.620009999999999	0.0341380499816654
851.60001	8.620009999999999	0.033722510158247294
851.70001	8.620009999999999	0.03332109497986727
851.8000099999999	8.620009999999999	0.0329329702802219
851.90001	8.620009999999999	0.03255734237458474
852.00001	8.620009999999999	0.03219346688157986
850.00001	8.610009999999999	0.04017880319180754
850.10001	8.610009999999999	0.03995174699520289
850.20001	8.610009999999999	0.039633539554797856
850.3000099999999	8.610009999999999	0.03923619020508914
850.40001	8.610009999999999	0.038780570177281544
850.50001	8.610009999999999	0.038289350625234884
850.60001	8.610009999999999	0.037781568473025884
850.70001	8.610009999999999	0.037270794038786026
850.8000099999999	8.610009999999999	0.03676569254813804
850.90001	8.610009999999999	0.0362713429946282
851.00001	8.610009999999999	0.035790459457127784
851.10001	8.610009999999999	0.03532428303850045
851.20001	8.610009999999999	0.03487317039879213
851.3000099999999	8.610009999999999	0.034436963765899435
851.40001	8.610009999999999	0.034015218034316855
851.50001	8.610009999999999	0.03360733830581963
851.60001	8.610009999999999	0.033212662334025825
851.70001	8.610009999999999	0.03283050930853212
851.8000099999999	8.610009999999999	0.03246020811359094
851.90001	8.610009999999999	0.03210111307918247
852.00001	8.610009999999999	0.03175261212622404
850.00001	8.60001	0.0395565670845352
850.10001	8.60001	0.03925700845074683
850.20001	8.60001	0.03888699079458733
850.3000099999999	8.60001	0.038463057213095314
850.40001	8.60001	0.03800376320210227
850.50001	8.60001	0.03752553256687037
850.60001	8.60001	0.037040828482638684
850.70001	8.60001	0.03655817050227785
850.8000099999999	8.60001	0.036082949281739704
850.90001	8.60001	0.035618342325915694
851.00001	8.60001	0.03516605868877087
851.10001	8.60001	0.034726870179739945
851.20001	8.60001	0.03430096693513446
851.3000099999999	8.60001	0.03388818779396806
851.40001	8.60001	0.033488166992289355
851.50001	8.60001	0.03310042660610433
851.60001	8.60001	0.032724434309625
851.70001	8.60001	0.03235963908142575
851.8000099999999	8.60001	0.0320054929131415
851.90001	8.60001	0.03166146363755396
852.00001	8.60001	0.0313270421293833
850.00001	8.59001	0.038893865087708195
850.10001	8.59001	0.03854737097830273
850.20001	8.59001	0.03815104423787412
850.3000099999999	8.59001	0.03772019600092353
850.40001	8.59001	0.037268964189599456
850.50001	8.59001	0.03680864549017561
850.60001	8.59001	0.036347410092545
850.70001	8.59001	0.0358907541310124
850.8000099999999	8.59001	0.03544215807448538
850.90001	8.59001	0.03500368733411792
851.00001	8.59001	0.03457645546318309
851.10001	8.59001	0.03416095361405385
851.20001	8.59001	0.03375727511122278
851.3000099999999	8.59001	0.033365265035106256
851.40001	8.59001	0.03298461856475788
851.50001	8.59001	0.032614945092853224
851.60001	8.59001	0.0322558097243051
851.70001	8.59001	0.031906759898859514
851.8000099999999	8.59001	0.03156734224308453
851.90001	8.59001	0.031237113007430456
852.00001	8.59001	0.03091564429466829
850.00001	8.58001	0.0382168512518205
850.10001	8.58001	0.03784474985271389
850.20001	8.58001	0.03743931592115483
850.3000099999999	8.58001	0.03701272377997712
850.40001	8.58001	0.03657512804291074
850.50001	8.58001	0.03613422955457251
850.60001	8.58001	0.03569547852588126
850.70001	8.58001	0.03526252667832931
850.8000099999999	8.58001	0.034837696707582994
850.90001	8.58001	0.03442237454456085
851.00001	8.58001	0.03401730561001452
851.10001	8.58001	0.033622806871636345
851.20001	8.58001	0.03323891416426896
851.3000099999999	8.58001	0.032865482806282646
851.40001	8.58001	0.032502255623231655
851.50001	8.58001	0.03214890861904218
851.60001	8.58001	0.03180508144989973
851.70001	8.58001	0.0314703976050198
851.8000099999999	8.58001	0.03114447762489728
851.90001	8.58001	0.03082694761156794
852.00001	8.58001	0.0305174445567476
850.00001	8.57001	0.037544259229946336
850.10001	8.57001	0.03716160662061884
850.20001	8.57001	0.036757502223201344
850.3000099999999	8.57001	0.03634102876138598
850.40001	8.57001	0.03591935745179317
850.50001	8.57001	0.03549778667895801
850.60001	8.57001	0.03508003511112817
850.70001	8.57001	0.03466859771756226
850.8000099999999	8.57001	0.034265069526841746
850.90001	8.57001	0.03387040536190935
851.00001	8.57001	0.03348511488198637
851.10001	8.57001	0.03310940366167736
851.20001	8.57001	0.03274327303315434
851.3000099999999	8.57001	0.03238658983184231
851.40001	8.57001	0.03203913472279709
851.50001	8.57001	0.03170063549065441
851.60001	8.57001	0.031370789848285625
851.70001	8.57001	0.03104928096308356
851.8000099999999	8.57001	0.030735787929422855
851.90001	8.57001	0.03042999273498637
852.00001	8.57001	0.030131584795368368
850.00001	8.56001	0.03688741104031911
850.10001	8.56001	0.036503848292148394
850.20001	8.56001	0.03610698211298912
850.3000099999999	8.56001	0.03570343451270354
850.40001	8.56001	0.035298282209116065
850.50001	8.56001	0.03489523100828621
850.60001	8.56001	0.03449687735626018
850.70001	8.56001	0.03410496933698869
850.8000099999999	8.56001	0.03372062942876355
850.90001	8.56001	0.03334452994237755
851.00001	8.56001	0.03297702501109548
851.10001	8.56001	0.03261824722877878
851.20001	8.56001	0.03226817724833881
851.3000099999999	8.56001	0.03192669339748015
851.40001	8.56001	0.03159360681371013
851.50001	8.56001	0.03126868620055531
851.60001	8.56001	0.030951675188461435
851.70001	8.56001	0.0306423044410023
851.8000099999999	8.56001	0.03034030003140875
851.90001	8.56001	0.030045389172693247
852.00001	8.56001	0.029757304070319127
850.00001	8.55001	0.036252192450050104
850.10001	8.55001	0.03587351709880819
850.20001	8.55001	0.035487017580079425
850.3000099999999	8.55001	0.03509750662121733
850.40001	8.55001	0.03470861825020167
850.50001	8.55001	0.03432299302489337
850.60001	8.55001	0.03394248371277982
850.70001	8.55001	0.03356834260285475
850.8000099999999	8.55001	0.03320137629106796
850.90001	8.55001	0.03284206674294647
851.00001	8.55001	0.03249066290318416
851.10001	8.55001	0.03214724861869831
851.20001	8.55001	0.031811792360136974
851.3000099999999	8.55001	0.0314841833223218
851.40001	8.55001	0.03116425748912665
851.50001	8.55001	0.030851816370792623
851.60001	8.55001	0.030546640417291368
851.70001	8.55001	0.030248498572978535
851.8000099999999	8.55001	0.02995715503725993
851.90001	8.55001	0.029672374002854354
852.00001	8.55001	0.029393922930349554
850.00001	8.540009999999999	0.0356410694978535
850.10001	8.540009999999999	0.0352705848110293
850.20001	8.540009999999999	0.03489593954646816
850.3000099999999	8.540009999999999	0.03452065421770567
850.40001	8.540009999999999	0.03414736822799351
850.50001	8.540009999999999	0.03377799822863816
850.60001	8.540009999999999	0.033413892776151345
850.70001	8.540009999999999	0.03305596657758822
850.8000099999999	8.540009999999999	0.03270480963803819
850.90001	8.540009999999999	0.03236077257283686
851.00001	8.540009999999999	0.03202403166590711
851.10001	8.540009999999999	0.031694637709807995
851.20001	8.540009999999999	0.03137255230068549
851.3000099999999	8.540009999999999	0.031057674629870226
851.40001	8.540009999999999	0.030749861166797954
851.50001	8.540009999999999	0.030448940064145544
851.60001	8.540009999999999	0.03015472166097517
851.70001	8.540009999999999	0.029867006107290643
851.8000099999999	8.540009999999999	0.02958558886691413
851.90001	8.540009999999999	0.029310264657081052
852.00001	8.540009999999999	0.029040830236284884
850.00001	8.530009999999999	0.035054541514738496
850.10001	8.530009999999999	0.034694000286572435
850.20001	8.530009999999999	0.03433174846891923
850.3000099999999	8.530009999999999	0.03397038955146858
850.40001	8.530009999999999	0.0336118703852553
850.50001	8.530009999999999	0.03325760665027206
850.60001	8.530009999999999	0.03290859748976278
850.70001	8.530009999999999	0.032565522432663876
850.8000099999999	8.530009999999999	0.03222881962317454
850.90001	8.530009999999999	0.031898747142377275
851.00001	8.530009999999999	0.031575430176630406
851.10001	8.530009999999999	0.03125889685334333
851.20001	8.530009999999999	0.0309491052444063
851.3000099999999	8.530009999999999	0.030645963600421745
851.40001	8.530009999999999	0.030349345450692893
851.50001	8.530009999999999	0.030059100833501322
851.60001	8.530009999999999	0.02977506462032208
851.70001	8.530009999999999	0.029497062661856054
851.8000099999999	8.530009999999999	0.02922491630281379
851.90001	8.530009999999999	0.02895844567548708
852.00001	8.530009999999999	0.028697472079084397
850.00001	8.52001	0.03449205030374729
850.10001	8.52001	0.03414226260852155
850.20001	8.52001	0.03379240482224915
850.3000099999999	8.52001	0.03344442675681384
850.40001	8.52001	0.03309978634788544
850.50001	8.52001	0.03275954613185902
850.60001	8.52001	0.03242445814465933
850.70001	8.52001	0.03209503468489704
850.8000099999999	8.52001	0.031771605309975755
850.90001	8.52001	0.03145436172997175
851.00001	8.52001	0.031143392649098905
851.10001	8.52001	0.03083871053830458
851.20001	8.52001	0.030540272069076918
851.3000099999999	8.52001	0.030247993635379965
851.40001	8.52001	0.02996176310238369
851.50001	8.52001	0.0296814486721946
851.60001	8.52001	0.029406905553727138
851.70001	8.52001	0.029137980962958252
851.8000099999999	8.52001	0.028874517854708008
851.90001	8.52001	0.028616357691015358
852.00001	8.52001	0.028363342477847355
850.00001	8.51001	0.03395251115370161
850.10001	8.51001	0.03361372234346363
850.20001	8.51001	0.03327596116813244
850.3000099999999	8.51001	0.03294070695602862
850.40001	8.51001	0.032609067223757296
850.50001	8.51001	0.03228185111545907
850.60001	8.51001	0.03195963263418624
850.70001	8.51001	0.03164280296622429
850.8000099999999	8.51001	0.03133161266828254
850.90001	8.51001	0.03102620509349792
851.00001	8.51001	0.03072664256399955
851.10001	8.51001	0.0304329266983281
851.20001	8.51001	0.030145014110094716
851.3000099999999	8.51001	0.029862828482610293
851.40001	8.51001	0.029586269826823663
851.50001	8.51001	0.029315221560240214
851.60001	8.51001	0.029049555904698557
851.70001	8.51001	0.028789137989236144
851.8000099999999	8.51001	0.028533828956215746
851.90001	8.51001	0.028283488300509023
852.00001	8.51001	0.028037975618569463
850.00001	8.50001	0.03343461110124706
850.10001	8.50001	0.03310673385767359
850.20001	8.50001	0.03278061500685594
850.3000099999999	8.50001	0.03245739116360743
850.40001	8.50001	0.03213791483630984
850.50001	8.50001	0.03182281030208824
850.60001	8.50001	0.031512521112893176
850.70001	8.50001	0.031207349293495185
850.8000099999999	8.50001	0.030907487036465973
850.90001	8.50001	0.03061304197681972
851.00001	8.50001	0.030324057153810324
851.10001	8.50001	0.030040526670830226
851.20001	8.50001	0.029762407921781614
851.3000099999999	8.50001	0.029489631102975825
851.40001	8.50001	0.029222106592517366
851.50001	8.50001	0.028959730661043535
851.60001	8.50001	0.028702389879979345
851.70001	8.50001	0.028449964514597123
851.8000099999999	8.50001	0.028202331126307423
851.90001	8.50001	0.02795936455922617
852.00001	8.50001	0.027720939447331585
