850.0	9.0	0.02627337910156763
850.1	9.0	0.026567874047626443
850.2	9.0	0.026866433616994177
850.3	9.0	0.027169131940044982
850.4	9.0	0.02747604394342634
850.5	9.0	0.0277872450414708
850.6	9.0	0.028102810738762564
850.7	9.0	0.028422816122978718
850.8	9.0	0.028747335222254783
850.9	9.0	0.029076440195284655
851.0	9.0	0.029410200314871748
851.1	9.0	0.029748680696422666
851.2	9.0	0.03009194071136821
851.3	9.0	0.07963572972812862
851.4	9.0	0.07924378140829473
851.5	9.0	0.07884802866259678
851.6	9.0	0.0784484559918388
851.7	9.0	0.07804506920513325
851.8	9.0	0.07763790121062464
851.9	9.0	0.07722701916200583
852.0	9.0	0.07681253325526294
850.0	8.99	0.02658398533465851
850.1	8.99	0.026883604886462274
850.2	8.99	0.02718743090194008
850.3	8.99	0.02749554385535682
850.4	8.99	0.02780802528518305
850.5	8.99	0.028124957467343347
850.6	8.99	0.028446422988143358
850.7	8.99	0.028772504192341813
850.8	8.99	0.029103282475817577
850.9	8.99	0.029438837384906952
851.0	8.99	0.02977924547513221
851.1	8.99	0.03012457887050012
851.2	8.99	0.030474903450056816
851.3	8.99	0.07912132392639487
851.4	8.99	0.0787229567056183
851.5	8.99	0.07832055712331341
851.6	8.99	0.07791410893571932
851.7	8.99	0.07750362050843598
851.8	8.99	0.07708913176397109
851.9	8.99	0.0766707228201384
852.0	8.99	0.076248524699345
850.0	8.98	0.026900590838881334
850.1	8.98	0.02720552467227998
850.2	8.98	0.027514817487618852
850.3	8.98	0.027828556891065226
850.4	8.98	0.028146831876692074
850.5	8.98	0.02846973248185582
850.6	8.98	0.02879734932910354
850.7	8.98	0.029129773025613946
850.8	8.98	0.02946709338382726
850.9	8.98	0.02980939841773142
851.0	8.98	0.030156773057623956
851.1	8.98	0.030509297511572483
851.2	8.98	0.030867045183383054
851.3	8.98	0.07859852055810682
851.4	8.98	0.07819333317040368
851.5	8.98	0.07778386266307902
851.6	8.98	0.07737009214575846
851.7	8.98	0.07695203333954903
851.8	8.98	0.07652973498092673
851.9	8.98	0.07610329335490937
852.0	8.98	0.07567286545314664
850.0	8.97	0.027223465719824765
850.1	8.97	0.027533917759374867
850.2	8.97	0.027848893179735063
850.3	8.97	0.02816848762905386
850.4	8.97	0.028492798535226477
850.5	8.97	0.028821924744425156
850.6	8.97	0.029155966031027374
850.7	8.97	0.029495022444579768
850.8	8.97	0.029839193450326366
850.9	8.97	0.030188576808365133
851.0	8.97	0.03054326712183202
851.1	8.97	0.030903353965986542
851.2	8.97	0.03126891948640335
851.3	8.97	0.07806672927953458
851.4	8.97	0.07765427775495606
851.5	8.97	0.07723726621647048
851.6	8.97	0.07681567729439454
851.7	8.97	0.07638952712690834
851.8	8.97	0.07595887561684302
851.9	8.97	0.07552383939836495
852.0	8.97	0.07508460816731853
850.0	8.96	0.02755289329379906
850.1	8.96	0.027869083147605004
850.2	8.96	0.028189974037102862
850.3	8.96	0.02851567070764651
850.4	8.96	0.028846280159863576
850.5	8.96	0.029181911273359177
850.6	8.96	0.02952267428446633
850.7	8.96	0.029868680077094638
850.8	8.96	0.030220039234431978
850.9	8.96	0.03057686078486868
851.0	8.96	0.030939250556880266
851.1	8.96	0.03130730903386454
851.2	8.96	0.03168112856932846
851.3	8.96	0.07752530672693018
851.4	8.96	0.07710509794648832
851.5	8.96	0.07668002216618815
851.6	8.96	0.07625006180577264
851.7	8.96	0.07581523884294711
851.8	8.96	0.0753756274550516
851.9	8.96	0.07493137014952986
852.0	8.96	0.07448269825619962
850.0	8.95	0.02788916915920999
850.1	8.95	0.028211333712235196
850.2	8.95	0.028538391789563175
850.3	8.95	0.028870458462405265
850.4	8.95	0.02920765163601404
850.5	8.95	0.029550091662118624
850.6	8.95	0.029897900785449263
850.7	8.95	0.030251202375386123
850.8	8.95	0.03061011987963613
850.9	8.95	0.030974775418586377
851.0	8.95	0.03134528791522264
851.1	8.95	0.031721770624758804
851.2	8.95	0.03210432788817144
851.3	8.95	0.07697355076731512
851.4	8.95	0.0765450347500839
851.5	8.95	0.07611130990137763
851.6	8.95	0.07567235884755928
851.7	8.95	0.07522821133020406
851.8	8.95	0.07477895995627976
851.9	8.95	0.07432478049718826
852.0	8.95	0.07386595791767339
850.0	8.94	0.028232600527753407
850.1	8.94	0.028560995723339772
850.2	8.94	0.02889449358133177
850.3	8.94	0.029233220935639435
850.4	8.94	0.029577308161064617
850.5	8.94	0.02992688878016508
850.6	8.94	0.03028209888134078
850.7	8.94	0.030643076289308104
850.8	8.94	0.031009959411352872
850.9	8.94	0.03138288565944587
851.0	8.94	0.03176198931768356
851.1	8.94	0.03214739868438733
851.2	8.94	0.03253923226541087
851.3	8.94	0.07641069284293604
851.4	8.94	0.07597325343604519
851.5	8.94	0.0755302227637496
851.6	8.94	0.07508158429464376
851.7	8.94	0.07462737816542894
851.8	8.94	0.07416772103943681
851.9	8.94	0.07370283197922475
852.0	8.94	0.07323306595356673
850.0	8.93	0.028583505926236565
850.1	8.93	0.028918408772361213
850.2	8.93	0.02925864216561034
850.3	8.93	0.029604346390651418
850.4	8.93	0.0299556661396789
850.5	8.93	0.030312750122519556
850.6	8.93	0.030675750461828376
850.7	8.93	0.031044821802387344
850.8	8.93	0.031420120040945965
850.9	8.93	0.03180180055310815
851.0	8.93	0.032190015753909416
851.1	8.93	0.03258491177581452
851.2	8.93	0.03298662397736425
851.3	8.93	0.07583588789344342
851.4	8.93	0.07538883142903116
851.5	8.93	0.07493575363527641
851.6	8.93	0.07447663978224597
851.7	8.93	0.07401154404321356
851.8	8.93	0.07354061486655138
851.9	8.93	0.07306412842176781
852.0	8.93	0.07258253237633994
850.0	8.92	0.02894221537680681
850.1	8.92	0.02928392622162263
850.2	8.92	0.029631216676197607
850.3	8.92	0.029984242468790695
850.4	8.92	0.030343164802331898
850.5	8.92	0.030708149981075
850.6	8.92	0.031079368792643388
850.7	8.92	0.03145699555943523
850.8	8.92	0.031841206744522524
850.9	8.92	0.03223217895831048
851.0	8.92	0.03263008615991085
851.1	8.92	0.033035095776599334
851.2	8.92	0.03344736336947005
851.3	8.92	0.07524820120607657
851.4	8.92	0.07479074254142964
851.5	8.92	0.07432677619765547
851.6	8.92	0.07385629068987647
851.7	8.92	0.07337935933630428
851.8	8.92	0.07289617315537136
851.9	8.92	0.07240708478808718
852.0	8.92	0.07191266663884345
850.0	8.91	0.029309071159838426
850.1	8.91	0.029657916290680084
850.2	8.91	0.03001261410206582
850.3	8.91	0.03037333813050757
850.4	8.91	0.030740268707563426
850.5	8.91	0.031113592622787734
850.6	8.91	0.03149350250865489
850.7	8.91	0.03188019584276794
850.8	8.91	0.0322738734254428
850.9	8.91	0.032674737140014586
851.0	8.91	0.03308298673372063
851.1	8.91	0.03349881526180741
851.2	8.91	0.03392240270701203
851.3	8.91	0.07464659134818702
851.4	8.91	0.07417783649708917
851.5	8.91	0.07370202056616368
851.6	8.91	0.07321913749324162
851.7	8.91	0.07272928701889612
851.8	8.91	0.07223271805003803
851.9	8.91	0.0717298873642829
852.0	8.91	0.07122153824885151
850.0	8.9	0.029684429260235123
850.1	8.9	0.0300407638919394
850.2	8.9	0.030403251592152625
850.3	8.9	0.03077208652665559
850.4	8.9	0.031147471298606757
850.5	8.9	0.03152961667687462
850.6	8.9	0.031918741009316104
850.7	8.9	0.032315069193076175
850.8	8.9	0.03271883102562772
850.9	8.9	0.033130258693326704
851.0	8.9	0.03354958306090823
851.1	8.9	0.03397702829546338
851.2	8.9	0.034412804176916514
851.3	8.9	0.07402988805075805
851.4	8.9	0.07354881231567066
851.5	8.9	0.07306004151807911
851.6	8.9	0.07256357832588299
851.7	8.9	0.07205955945262828
851.8	8.9	0.07154831388827607
851.9	8.9	0.0710304429266185
852.0	8.9	0.07050692870900936
850.0	8.89	0.030068661594665105
850.1	8.89	0.030432873327377073
850.2	8.89	0.0308035697206267
850.3	8.89	0.031180968954137946
850.4	8.89	0.031565299699585735
850.5	8.89	0.0319568009569578
850.6	8.89	0.032355721535859534
850.7	8.89	0.03276231902485951
850.8	8.89	0.03317685802874503
850.9	8.89	0.03359960736420695
851.0	8.89	0.034030835777870305
851.1	8.89	0.034470805570640035
851.2	8.89	0.034919763256266986
851.3	8.89	0.07339676349442577
851.4	8.89	0.07290218357381767
851.5	8.89	0.07239917681922073
851.6	8.89	0.07188775970665649
851.7	8.89	0.07136812152782629
851.8	8.89	0.07084070424567655
851.9	8.89	0.07030631404939248
852.0	8.89	0.06976627459391165
850.0	8.88	0.03046215911427532
850.1	8.88	0.03083467195853481
850.2	8.88	0.03121403684786308
850.3	8.88	0.03160050006143928
850.4	8.88	0.03199432095683841
850.5	8.88	0.032395771976850264
850.6	8.88	0.03280513825987249
850.7	8.88	0.033222716660907724
850.8	8.88	0.033648813906791676
850.9	8.88	0.034083743488971856
851.0	8.88	0.03452782072311976
851.1	8.88	0.034981355152181044
851.2	8.88	0.03544463910182086
851.3	8.88	0.07274569483434752
851.4	8.88	0.0722362327310595
851.5	8.88	0.07171749207104608
851.6	8.88	0.07118951105235692
851.7	8.88	0.07065255516307069
851.8	8.88	0.07010722934646335
851.9	8.88	0.06955463748081404
852.0	8.88	0.06899660419544881
850.0	8.87	0.030865335874432832
850.1	8.87	0.031246614963287185
850.2	8.87	0.031635154719658456
850.3	8.87	0.03203123448532865
850.4	8.87	0.032435149958633766
850.5	8.87	0.032847213463308905
850.6	8.87	0.033267753781457306
850.7	8.87	0.03369711531304396
850.8	8.87	0.03413565621327666
850.9	8.87	0.03458374499572191
851.0	8.87	0.035041754846534635
851.1	8.87	0.035510054534853834
851.2	8.87	0.03598899426678627
851.3	8.87	0.07207491487693575
851.4	8.87	0.07154895044601786
851.5	8.87	0.07101270683575601
851.6	8.87	0.07046625653864347
851.7	8.87	0.06990997794821825
851.8	8.87	0.06934471729785152
851.9	8.87	0.06877202329047216
852.0	8.87	0.0681944770994231
850.0	8.86	0.03127863416001428
850.1	8.86	0.03166919129523815
850.2	8.86	0.032067465457377306
850.3	8.86	0.03247377512126233
850.4	8.86	0.03288845930378288
850.5	8.86	0.03331187822948547
850.6	8.86	0.03374441352918525
850.7	8.86	0.034186467679158866
850.8	8.86	0.03463846223980224
850.9	8.86	0.03510083422771743
851.0	8.86	0.035574029613173096
851.1	8.86	0.03605849241207672
851.2	8.86	0.036554647039581646
851.3	8.86	0.07138234640334906
851.4	8.86	0.07083795383547035
851.5	8.86	0.07028209416667963
851.6	8.86	0.06971489464090402
851.7	8.86	0.06913690540852203
851.8	8.86	0.06854934088189091
851.9	8.86	0.0679544363756445
852.0	8.86	0.06735595363503215
850.0	8.85	0.03170253075154097
850.1	8.85	0.03210293096526094
850.2	8.85	0.03251156010537489
850.3	8.85	0.032928783258451916
850.4	8.85	0.033354991439741626
850.5	8.85	0.03379060285482765
850.6	8.85	0.034236063683328946
850.7	8.85	0.034691848026134425
850.8	8.85	0.03515845645728767
850.9	8.85	0.03563641230930618
851.0	8.85	0.036126254331121405
851.1	8.85	0.03662852358594124
851.2	8.85	0.03714374123304046
851.3	8.85	0.07066551339467227
851.4	8.85	0.07010037445284097
851.5	8.85	0.06952234139305197
851.6	8.85	0.06893163049153282
851.7	8.85	0.0683290615053758
851.8	8.85	0.06771643098080854
851.9	8.85	0.0670970747422267
852.0	8.85	0.06647666532306203
850.0	8.84	0.03213754441426808
850.1	8.84	0.0325484137702012
850.2	8.84	0.03296808892056461
850.3	8.84	0.033396990848554166
850.4	8.84	0.03383557345816911
850.5	8.84	0.03428432572898202
850.6	8.84	0.03474377342328804
850.7	8.84	0.035214479910597486
850.8	8.84	0.0356970454028211
850.9	8.84	0.036192103455786995
851.0	8.84	0.03670031288199528
851.1	8.84	0.037222342057802935
851.2	8.84	0.03775884069665773
851.3	8.84	0.06992141876217875
851.4	8.84	0.0693327014764624
851.5	8.84	0.06872935281861434
851.6	8.84	0.06811173765460231
851.7	8.84	0.06748111523400945
851.8	8.84	0.06684024226991718
851.9	8.84	0.06619429724972634
852.0	8.84	0.06555216889769658
850.0	8.83	0.03258424468957144
850.1	8.83	0.03300627960183615
850.2	8.83	0.03343777361388081
850.3	8.83	0.03387921522772905
850.4	8.83	0.034331135026880455
850.5	8.83	0.034794109170643434
850.6	8.83	0.035268762550823334
850.7	8.83	0.03575577109317064
850.8	8.83	0.03625586231770335
850.9	8.83	0.03676981265354332
851.0	8.83	0.037298438957841996
851.1	8.83	0.03784257990442
851.2	8.83	0.03840305984038366
851.3	8.83	0.06914637201754546
851.4	8.83	0.06853055645864983
851.5	8.83	0.06789796246560673
851.6	8.83	0.06724921166262691
851.7	8.83	0.06658631349093867
851.8	8.83	0.06591369065641717
851.9	8.83	0.06523976502600902
852.0	8.83	0.06457904659244357
850.0	8.82	0.03304326206585805
850.1	8.82	0.03347724048061227
850.2	8.82	0.03392142178631072
850.3	8.82	0.034376376679200175
850.4	8.82	0.03484273005940389
850.5	8.82	0.03532116654286822
850.6	8.82	0.03581243589372449
850.7	8.82	0.036317357785450914
850.8	8.82	0.03683682480184022
850.9	8.82	0.03737180171126731
851.0	8.82	0.0379233174885022
851.1	8.82	0.03849244376147058
851.2	8.82	0.039080248292961306
851.3	8.82	0.06833573946579821
851.4	8.82	0.06768835948321202
851.5	8.82	0.06702150227853182
851.6	8.82	0.06633625382131429
851.7	8.82	0.0656359790982151
851.8	8.82	0.06492817299051745
851.9	8.82	0.06422728602909024
852.0	8.82	0.0635578858504447
850.0	8.81	0.03351529960438114
850.1	8.81	0.03396209447324066
850.2	8.81	0.034419943844173254
850.3	8.81	0.034889519310800615
850.4	8.81	0.03537156288626138
850.5	8.81	0.035866895574666734
850.6	8.81	0.03637642639282985
850.7	8.81	0.03690116122111211
850.8	8.81	0.037442210200985745
850.9	8.81	0.038000791154805216
851.0	8.81	0.03857822415687805
851.1	8.81	0.03917590790936615
851.2	8.81	0.039795259935197454
851.3	8.81	0.06748356948914644
851.4	8.81	0.06679881522646872
851.5	8.81	0.06609112819285054
851.6	8.81	0.06536248571580039
851.7	8.81	0.06461888333315244
851.8	8.81	0.06387390575608472
851.9	8.81	0.06315378844450073
852.0	8.81	0.06250056031834572
850.0	8.8	0.034001146091679875
850.1	8.8	0.03446174166875274
850.2	8.8	0.034934372727682184
850.3	8.8	0.035419835830548314
850.4	8.8	0.03591901990330909
850.5	8.8	0.03643291948903051
850.6	8.8	0.03696264947852834
850.7	8.8	0.03750946079614514
850.8	8.8	0.0380747556732939
850.9	8.8	0.038660099411834466
851.0	8.8	0.0392672220005562
851.1	8.8	0.039897995653562265
851.2	8.8	0.040554359094765305
851.3	8.8	0.06658200644368323
851.4	8.8	0.06585208415433903
851.5	8.8	0.06509472140427179
851.6	8.8	0.06431374708639498
851.7	8.8	0.06352074423475494
851.8	8.8	0.06274237956218427
851.9	8.8	0.062028248982322856
852.0	8.8	0.06144460589990328
850.0	8.79	0.034501690778967614
850.1	8.79	0.03497720239693202
850.2	8.79	0.03546588683609673
850.3	8.79	0.03596869692732479
850.4	8.79	0.03648670793471336
850.5	8.79	0.03702113805370153
850.6	8.79	0.037573372327349454
850.7	8.79	0.038144989876871975
850.8	8.79	0.03873779336206346
850.9	8.79	0.039353837286913926
851.0	8.79	0.0399954465037075
851.1	8.79	0.04066520424158412
851.2	8.79	0.041365861140134665
851.3	8.79	0.06562032512547812
851.4	8.79	0.06483436681507064
851.5	8.79	0.06401500810720724
851.6	8.79	0.06317035638791083
851.7	8.79	0.062325284567262364
851.8	8.79	0.06153646762966341
851.9	8.79	0.060893520461483545
852.0	8.79	0.060466838326140734
850.0	8.78	0.03501793973687793
850.1	8.78	0.03550963785943518
850.2	8.78	0.03601583656141692
850.3	8.78	0.03653768608111007
850.4	8.78	0.037076500844404406
850.5	8.78	0.03763379132174217
850.6	8.78	0.03821130293942544
850.7	8.78	0.03881106311013514
850.8	8.78	0.03943543660796169
850.9	8.78	0.04008718683975188
851.0	8.78	0.04076953316536818
851.1	8.78	0.04148617472836766
851.2	8.78	0.04224119877547234
851.3	8.78	0.06458323219757899
851.4	8.78	0.06372530365959925
851.5	8.78	0.06282619191321416
851.6	8.78	0.0619054541618125
851.7	8.78	0.061023860047633396
851.8	8.78	0.060303069956074
851.9	8.78	0.059853398189379015
852.0	8.78	0.059659162035980935
850.0	8.77	0.035551033775159745
850.1	8.77	0.036060373271509294
850.2	8.77	0.03658577480295007
850.3	8.77	0.03712864067816892
850.4	8.77	0.03769059619424324
850.5	8.77	0.03827353956689064
850.6	8.77	0.0388797057411623
850.7	8.77	0.039511748045961234
850.8	8.77	0.040172841916435734
850.9	8.77	0.04086681314950501
851.0	8.77	0.04159828460131316
851.1	8.77	0.04237280495817047
851.2	8.77	0.04319682283172878
851.3	8.77	0.06344760975180792
851.4	8.77	0.062492732355300375
851.5	8.77	0.06148792037292747
851.6	8.77	0.06049015257264069
851.7	8.77	0.05966240722215597
851.8	8.77	0.05918776660729713
851.9	8.77	0.059033944697699764
852.0	8.77	0.059060838977490614
850.0	8.76	0.036102267700819195
850.1	8.76	0.036630923408641096
850.2	8.76	0.03717749162426998
850.3	8.76	0.03774370014778542
850.4	8.76	0.03833158379095654
850.5	8.76	0.038943563527260694
850.6	8.76	0.039582552449175815
850.7	8.76	0.04025209938087352
850.8	8.76	0.040956585304495585
850.9	8.76	0.04170149203203203
851.0	8.76	0.04249376076816576
851.1	8.76	0.04334222378312174
851.2	8.76	0.044257910275362765
851.3	8.76	0.0621754887274883
851.4	8.76	0.06108076898007408
851.5	8.76	0.059938209845637185
851.6	8.76	0.058954581472265316
851.7	8.76	0.058455051156141295
851.8	8.76	0.05836910413911424
851.9	8.76	0.05846879728597522
852.0	8.76	0.058642487719203135
850.0	8.75	0.03667311031891225
850.1	8.75	0.03722301997358907
850.2	8.75	0.03779305261417838
850.3	8.75	0.03838536114003866
850.4	8.75	0.03900252729930944
850.5	8.75	0.039647688862284765
850.6	8.75	0.04032471839558973
850.7	8.75	0.04103848064217564
850.8	8.75	0.04179521261172254
850.9	8.75	0.04260309905635819
851.0	8.75	0.04347315940139066
851.1	8.75	0.04442059742073107
851.2	8.75	0.045466559620535626
851.3	8.75	0.06069598311910526
851.4	8.75	0.05937909100560039
851.5	8.75	0.05815044753385021
851.6	8.75	0.05763416583943229
851.7	8.75	0.05766275100953497
851.8	8.75	0.05785739070257775
851.9	8.75	0.058098953938451194
852.0	8.75	0.058352728726275914
850.0	8.74	0.03726522383834846
850.1	8.74	0.037838639161433964
850.2	8.74	0.038434839068615216
850.3	8.74	0.039056537786366044
850.4	8.74	0.03970705750929474
850.5	8.74	0.04039053572207417
850.6	8.74	0.04111223232327914
850.7	8.74	0.0418790015213238
850.8	8.74	0.04270004908701674
850.9	8.74	0.04358821224305884
851.0	8.74	0.04456225968716674
851.1	8.74	0.045651310399421115
851.2	8.74	0.046903630186645784
851.3	8.74	0.0588428347317158
851.4	8.74	0.05719204280456444
851.5	8.74	0.05669854773385771
851.6	8.74	0.05691796118940205
851.7	8.74	0.05723109075008565
851.8	8.74	0.057548787574484214
851.9	8.74	0.05785570319448853
852.0	8.74	0.05814947643018343
850.0	8.73	0.037880479893973557
850.1	8.73	0.038480025643898255
850.2	8.73	0.03910558486565473
850.3	8.73	0.03976062015311111
850.4	8.73	0.040449468322669796
850.5	8.73	0.04117768299912489
850.6	8.73	0.04195257154417542
850.7	8.73	0.04278408062367127
850.8	8.73	0.04368635406835929
850.9	8.73	0.044680714389194444
851.0	8.73	0.04580206648907322
851.1	8.73	0.04711517651568716
851.2	8.73	0.04876891770879171
851.3	8.73	0.05594262502158108
851.4	8.73	0.055636160383230035
851.5	8.73	0.056147303243020405
851.6	8.73	0.05659729273357649
851.7	8.73	0.05699626346073051
851.8	8.73	0.057358167515167396
851.9	8.73	0.0576922075237026
852.0	8.73	0.0580045075826867
850.0	8.72	0.038520966605669796
850.1	8.72	0.0391497048139411
850.2	8.72	0.039808397854888884
850.3	8.72	0.04050151232688724
850.4	8.72	0.04123478661524766
850.5	8.72	0.042015801806235376
850.6	8.72	0.04285493098633236
850.7	8.72	0.04376702718189179
850.8	8.72	0.04477470204778723
850.9	8.72	0.04591552530771835
851.0	8.72	0.04726102509438501
851.1	8.72	0.04898551229482437
851.2	8.72	0.051879795745708314
851.3	8.72	0.05452581792920133
851.4	8.72	0.05537557373783865
851.5	8.72	0.055966069061266194
851.6	8.72	0.05644651008796739
851.7	8.72	0.05686313721000744
851.8	8.72	0.05723714690658205
851.9	8.72	0.05758027155310352
852.0	8.72	0.05789978414601274
850.0	8.71	0.03918897578794373
850.1	8.71	0.03985046635157212
850.2	8.71	0.040546738517270475
850.3	8.71	0.0412836045962163
850.4	8.71	0.0420687363412872
850.5	8.71	0.042912611150847914
850.6	8.71	0.04383017596353329
850.7	8.71	0.04484401835112941
850.8	8.71	0.04599108701815878
850.9	8.71	0.04733912662681026
851.0	8.71	0.04903456686991805
851.1	8.71	0.05139020346437573
851.2	8.71	0.05354645687908032
851.3	8.71	0.05463442144361492
851.4	8.71	0.05534877175741745
851.5	8.71	0.05590505478880815
851.6	8.71	0.05637379750680464
851.7	8.71	0.05678633658048054
851.8	8.71	0.0571593962022097
851.9	8.71	0.05750301250404925
852.0	8.71	0.05782371543663046
850.0	8.7	0.03988694943831932
850.1	8.7	0.040585284776440675
850.2	8.7	0.04132429689354633
850.3	8.7	0.042111572871445735
850.4	8.7	0.0429573904661256
850.5	8.7	0.04387622333046048
850.6	8.7	0.044889471055556913
850.7	8.7	0.04603075670997364
850.8	8.7	0.04735670097128444
850.9	8.7	0.048964985022654374
851.0	8.7	0.050935767904681226
851.1	8.7	0.052766519436157185
851.2	8.7	0.05394927950728413
851.3	8.7	0.05475581189787562
851.4	8.7	0.0553772049401303
851.5	8.7	0.0558932741638096
851.6	8.7	0.05634180566715911
851.7	8.7	0.05674329322130192
851.8	8.7	0.05711004225915168
851.9	8.7	0.05745001818377001
852.0	8.7	0.057768678654818995
850.0	8.69	0.04061734616244195
850.1	8.69	0.04135710885711585
850.2	8.69	0.0421446433835619
850.3	8.69	0.04298976310010697
850.4	8.69	0.043905999799239384
850.5	8.69	0.0449126867114939
850.6	8.69	0.04603841354436127
850.7	8.69	0.04732581288350823
850.8	8.69	0.048829109559904625
850.9	8.69	0.050537075963644665
851.0	8.69	0.05214041438610923
851.1	8.69	0.05333078582966523
851.2	8.69	0.05419469367878027
851.3	8.69	0.054867443782504466
851.4	8.69	0.055424399260856225
851.5	8.69	0.055905463243295844
851.6	8.69	0.05633332162422308
851.7	8.69	0.05672188429050568
851.8	8.69	0.0570802369736512
851.9	8.69	0.05741462457419876
852.0	8.69	0.057729519415896574
850.0	8.68	0.041382355211575655
850.1	8.68	0.04216838892584118
850.2	8.68	0.04301040189598336
850.3	8.68	0.04392064224125319
850.4	8.68	0.04491583628590543
850.5	8.68	0.04601885417782518
850.6	8.68	0.047258880741071825
850.7	8.68	0.04865970852949732
850.8	8.68	0.05017959379862114
850.9	8.68	0.05161774700094915
851.0	8.68	0.05277707633371028
851.1	8.68	0.05366924556244756
851.2	8.68	0.054379024313632646
851.3	8.68	0.054969519691250086
851.4	8.68	0.055479001416986015
851.5	8.68	0.05593073439194921
851.6	8.68	0.0563394945274009
851.7	8.68	0.05671512147484685
851.8	8.68	0.05706445166858361
851.9	8.68	0.05739241017030558
852.0	8.68	0.05770265526896894
850.0	8.67	0.04218333141463171
850.1	8.67	0.04302010636459144
850.2	8.67	0.043921482434448364
850.3	8.67	0.04490135563613043
850.4	8.67	0.04597698202354521
850.5	8.67	0.04716634588357003
850.6	8.67	0.04847445607264923
850.7	8.67	0.04985325258865544
850.8	8.67	0.051166038564721406
850.9	8.67	0.05228038900711974
851.0	8.67	0.05318007700963778
851.1	8.67	0.05391384832633835
851.2	8.67	0.05453038248293528
851.3	8.67	0.055063822004251486
851.4	8.67	0.055536632884505076
851.5	8.67	0.055963744721431924
851.6	8.67	0.05635537237665241
851.7	8.67	0.05671873273733288
851.8	8.67	0.05705908014547846
851.9	8.67	0.057380343782661276
852.0	8.67	0.05768553139722424
850.0	8.66	0.043019751084429875
850.1	8.66	0.04390994257138732
850.2	8.66	0.04487171396985916
850.3	8.66	0.04591729763155883
850.4	8.66	0.04705615470089788
850.5	8.66	0.048282690208389385
850.6	8.66	0.049551424741832266
850.7	8.66	0.05076543201299975
850.8	8.66	0.051831779252208166
850.9	8.66	0.0527256231103409
851.0	8.66	0.053472593714606505
851.1	8.66	0.054108106460902396
851.2	8.66	0.054660994591324584
851.3	8.66	0.05515193339870025
851.4	8.66	0.05559539809856694
851.5	8.66	0.05600162374977491
851.6	8.66	0.05637799803880233
851.7	8.66	0.05672997718769359
851.8	8.66	0.05706168130097995
851.9	8.66	0.05737628553642914
852.0	8.66	0.05767628198446064
850.0	8.65	0.04388744869651502
850.1	8.65	0.044829251920995884
850.2	8.65	0.04584366660698246
850.3	8.65	0.0469340681712287
850.4	8.65	0.04808941820300608
850.5	8.65	0.04926955657093539
850.6	8.65	0.05040335726819278
850.7	8.65	0.05142316102978024
850.8	8.65	0.05230316710234202
850.9	8.65	0.05305498192306549
851.0	8.65	0.053703226604435966
851.1	8.65	0.05427124689362181
851.2	8.65	0.05477734813465411
851.3	8.65	0.05523509164316145
851.4	8.65	0.05565442853952486
851.5	8.65	0.05604272374306541
851.6	8.65	0.0564055118182556
851.7	8.65	0.056747023564778794
851.8	8.65	0.05707054827755584
851.9	8.65	0.05737868421019901
852.0	8.65	0.05767351389101532
850.0	8.64	0.04477608675552483
850.1	8.64	0.04575927262033425
850.2	8.64	0.04680417169424666
850.3	8.64	0.04789736607189146
850.4	8.64	0.049004370129411674
850.5	8.64	0.050071459933100256
850.6	8.64	0.051047835992101935
850.7	8.64	0.05190957161021436
850.8	8.64	0.0526600775497027
850.9	8.64	0.053315784749226464
851.0	8.64	0.053894982519286094
851.1	8.64	0.05441338056077567
851.2	8.64	0.054883325885861416
851.3	8.64	0.05531424805171372
851.4	8.64	0.05571332256824375
851.5	8.64	0.05608604924250526
851.6	8.64	0.056436692959902786
851.7	8.64	0.056768604718680546
851.8	8.64	0.05708445249337604
851.9	8.64	0.057386387498177184
852.0	8.64	0.05767616488961099
850.0	8.63	0.045666667950269364
850.1	8.63	0.04666933615102685
850.2	8.63	0.04770801656880175
850.3	8.63	0.04875340707063596
850.4	8.63	0.049763924176482725
850.5	8.63	0.05070042750960919
850.6	8.63	0.0515417076029291
850.7	8.63	0.05228655145714622
850.8	8.63	0.052945439325688196
850.9	8.63	0.05353231796399966
851.0	8.63	0.05406033329943081
851.1	8.63	0.05454046216691736
851.2	8.63	0.05498144586912078
851.3	8.63	0.05539013709700354
851.4	8.63	0.05577190303365422
851.5	8.63	0.05613097284686499
851.6	8.63	0.05647070968147358
851.7	8.63	0.05679381584508439
851.8	8.63	0.057102485699022106
851.9	8.63	0.05739851949771821
852.0	8.63	0.057683408579446864
850.0	8.62	0.04653157111011051
850.1	8.62	0.047522149786961725
850.2	8.62	0.04851475800417889
850.3	8.62	0.04947653281149699
850.4	8.62	0.05037665015756446
850.5	8.62	0.0511966656678573
850.6	8.62	0.05193288054027213
850.7	8.62	0.05259157335048669
850.8	8.62	0.053183130060357714
850.9	8.62	0.0537183255213689
851.0	8.62	0.054206726595963484
851.1	8.62	0.05465628620829298
851.2	8.62	0.055073436031474514
851.3	8.62	0.05546333080447159
851.4	8.62	0.055830103281425514
851.5	8.62	0.05617708372016606
851.6	8.62	0.05650697555306163
851.7	8.62	0.05682199173273556
851.8	8.62	0.057123959322725064
851.9	8.62	0.05741439955768449
852.0	8.62	0.05769458930815799
850.0	8.61	0.04734013570272265
850.1	8.61	0.04828689510941294
850.2	8.61	0.049206118215412924
850.3	8.61	0.05007307331250148
850.4	8.61	0.050871836772455895
850.5	8.61	0.05159748439585005
850.6	8.61	0.05225338858268718
850.7	8.61	0.05284710641447581
850.8	8.61	0.05338731648011855
850.9	8.61	0.05388221943034149
851.0	8.61	0.0543389363580904
851.1	8.61	0.05476341340289923
851.2	8.61	0.05516053202336682
851.3	8.61	0.05553427832501096
851.4	8.61	0.05588791034521202
851.5	8.61	0.05622410250692706
851.6	8.61	0.056545063427676436
851.7	8.61	0.05685262952571153
851.8	8.61	0.05714833858057155
851.9	8.61	0.057433487367556636
852.0	8.61	0.05770917688137948
850.0	8.6	0.0480685648195136
850.1	8.6	0.04895022805020491
850.2	8.6	0.049786924216778085
850.3	8.6	0.05056492420923664
850.4	8.6	0.05127881102868488
850.5	8.6	0.05192998111911014
850.6	8.6	0.052523793542061076
850.7	8.6	0.0530671320713148
850.8	8.6	0.0535669283695275
850.9	8.6	0.0540294725742851
851.0	8.6	0.05446019053825258
851.1	8.6	0.054863647973826146
851.2	8.6	0.055243645028934155
851.3	8.6	0.05560333457797649
851.4	8.6	0.055945335607663384
851.5	8.6	0.0562718316101939
851.6	8.6	0.05658465212266182
851.7	8.6	0.056885338800046786
851.8	8.6	0.05717519840699436
851.9	8.6	0.057455345168778135
852.0	8.6	0.05772673463282281
850.0	8.59	0.048706914117142466
850.1	8.59	0.04951593568496291
850.2	8.59	0.05027392371051606
850.3	8.59	0.050975386019190695
850.4	8.59	0.05162039849513038
850.5	8.59	0.05221263962477852
850.6	8.59	0.052757491911779836
850.7	8.59	0.05326074427349143
850.8	8.59	0.05372788865350828
850.9	8.59	0.054163820420918204
851.0	8.59	0.05457276371529386
851.1	8.59	0.05495830406328457
851.2	8.59	0.05532346286263539
851.3	8.59	0.05567078131282476
851.4	8.59	0.05600239948116011
851.5	8.59	0.056320125302988244
851.6	8.59	0.05662549255584065
851.7	8.59	0.056919808626899916
851.8	8.59	0.05720419349505171
851.9	8.59	0.05747961142210056
852.0	8.59	0.05774689670848702
850.0	8.58	0.049258231835099135
850.1	8.58	0.04999709175044398
850.2	8.58	0.05068583754266541
850.3	8.58	0.05132368078153305
850.4	8.58	0.0519130305794967
850.5	8.58	0.05245803516157299
850.6	8.58	0.05296347798510251
850.7	8.58	0.05343410636575122
850.8	8.58	0.05387429397596996
850.9	8.58	0.054287911791661314
851.0	8.58	0.05467831186147754
851.1	8.58	0.055048364276177125
851.2	8.58	0.05540051429670547
851.3	8.58	0.05573684295972717
851.4	8.58	0.05605912359815935
851.5	8.58	0.05636887145417215
851.6	8.58	0.05666738586559142
851.7	8.58	0.056955785526474415
851.8	8.58	0.057235037697119136
851.9	8.58	0.05750598230606864
852.0	8.58	0.05776935182018126
850.0	8.57	0.049732911968981726
850.1	8.57	0.05040890643271252
850.2	8.57	0.05103888896016722
850.3	8.57	0.051624319329228195
850.4	8.57	0.052168343991941174
850.5	8.57	0.052674877193279714
850.6	8.57	0.053147986964117704
850.7	8.57	0.0535915477615268
850.8	8.57	0.05400907735696585
850.9	8.57	0.05440368407218892
851.0	8.57	0.05477807290429255
851.1	8.57	0.055134579139526844
851.2	8.57	0.05547521193638364
851.3	8.57	0.0558016988591448
851.4	8.57	0.056115527172528094
851.5	8.57	0.05641798029747123
851.6	8.57	0.05671016913610489
851.7	8.57	0.056993058581316314
851.8	8.57	0.05726748976581933
851.9	8.57	0.05753419866080048
852.0	8.57	0.057793831603625896
850.0	8.56	0.050143447536819444
850.1	8.56	0.050765123743491194
850.2	8.56	0.05134584884313627
850.3	8.56	0.05188796414725391
850.4	8.56	0.05239464255044169
850.5	8.56	0.05286934308462911
850.6	8.56	0.05331547254740932
850.7	8.56	0.0537362043470233
850.8	8.56	0.054134400055888834
850.9	8.56	0.05451259119464292
851.0	8.56	0.05487299290656963
851.1	8.56	0.05521753232857883
851.2	8.56	0.05554788195723793
851.3	8.56	0.05586549291897099
851.4	8.56	0.05617162572715386
851.5	8.56	0.0564673775843451
851.6	8.56	0.056753706059725066
851.7	8.56	0.05703144934580135
851.8	8.56	0.05730134345537845
851.9	8.56	0.057564036762931994
852.0	8.56	0.05782010228171809
850.0	8.55	0.05050153748991334
850.1	8.55	0.05107696980981366
850.2	8.55	0.05161642243617377
850.3	8.55	0.052122442512384695
850.4	8.55	0.05259795047021063
850.5	8.55	0.053045922298597246
850.6	8.55	0.05346920231686421
850.7	8.55	0.053870408133638636
850.8	8.55	0.05425189406179221
850.9	8.55	0.054615748439475365
851.0	8.55	0.054963808795016826
851.1	8.55	0.055297685088009224
851.2	8.55	0.05561878544243131
851.3	8.55	0.05592834138770614
851.4	8.55	0.05622743116249811
851.5	8.55	0.05651700050836396
851.6	8.55	0.05679788085138386
851.7	8.55	0.05707080500698164
851.8	8.55	0.057336420648250744
851.9	8.55	0.057595301811149226
852.0	8.55	0.057847958705858946
850.0	8.54	0.05081705386275016
850.1	8.54	0.051353241231903844
850.2	8.54	0.05185792657893511
850.3	8.54	0.05233355908049702
850.4	8.54	0.0527827231404854
850.5	8.54	0.05320795358056652
850.6	8.54	0.05361163128893538
850.7	8.54	0.05399593349966055
850.8	8.54	0.05436281815876672
850.9	8.54	0.05471402794021633
851.0	8.54	0.05505110453421817
851.1	8.54	0.0553754074677015
851.2	8.54	0.05568813413013375
851.3	8.54	0.055990339196452237
851.4	8.54	0.05628295255564122
851.5	8.54	0.056566795386246274
851.6	8.54	0.05684259431610844
851.7	8.54	0.0571109937578712
851.8	8.54	0.057372566583571254
851.9	8.54	0.0576278233267176
852.0	8.54	0.057877220100427604
850.0	8.53	0.051097950195062004
850.1	8.53	0.05160073677386785
850.2	8.53	0.05207590326834289
850.3	8.53	0.05252568195436257
850.4	8.53	0.05295232032507561
850.5	8.53	0.05335797303525054
850.6	8.53	0.053744643455774455
850.7	8.53	0.05411415816798834
850.8	8.53	0.05446816182900633
850.9	8.53	0.05480812373038205
851.0	8.53	0.05513535041579447
851.1	8.53	0.05545100087867192
851.2	8.53	0.055756102296006194
851.3	8.53	0.05605156516985217
851.4	8.53	0.05633819731123845
851.5	8.53	0.05661671643598454
851.6	8.53	0.05688776133293601
851.7	8.53	0.05715190166778393
851.8	8.53	0.05740964653560178
851.9	8.53	0.0576614518941246
852.0	8.53	0.05790772701191996
850.0	8.52	0.05135051731632133
850.1	8.52	0.05182471080769508
850.2	8.52	0.05227459432572776
850.3	8.52	0.05270215141600961
850.4	8.52	0.053109323187624936
850.5	8.52	0.053497944733894603
850.6	8.52	0.05386971245389339
850.7	8.52	0.054226171629989495
850.8	8.52	0.054568716468586846
850.9	8.52	0.0548985972660646
851.0	8.52	0.05521693122195753
851.1	8.52	0.0555247147309167
851.2	8.52	0.055822835862897414
851.3	8.52	0.05611208630857178
851.4	8.52	0.0563931724225512
851.5	8.52	0.05666672521283891
851.6	8.52	0.05693330925115812
851.7	8.52	0.05719343054850753
851.8	8.52	0.057447543475532964
851.9	8.52	0.057696056821929825
852.0	8.52	0.05793933909144809
850.0	8.51	0.051579710642907214
850.1	8.51	0.05202925163929835
850.2	8.51	0.05245728866520833
850.3	8.51	0.05286556331176809
850.4	8.51	0.05325574971413798
850.5	8.51	0.05362941699131491
850.6	8.51	0.05398801121571383
850.7	8.51	0.054332850090516034
850.8	8.51	0.05466512541987473
850.9	8.51	0.054985910012388714
851.0	8.51	0.055296166816558565
851.1	8.51	0.055596758901916496
851.2	8.51	0.055888459450530927
851.3	8.51	0.05617196128461434
851.4	8.51	0.0564478856861
851.5	8.51	0.0567167904063929
851.6	8.51	0.0569791768497303
851.7	8.51	0.0572354964617169
851.8	8.51	0.05748615638011036
851.9	8.51	0.05773152441573435
852.0	8.51	0.05797193343423828
850.0	8.5	0.051789447179174164
850.1	8.5	0.05221757238270793
850.2	8.5	0.0526265716642668
850.3	8.5	0.05301796670942216
850.4	8.5	0.05339320358292811
850.5	8.5	0.05375363056324473
850.6	8.5	0.05410048852266276
850.7	8.5	0.05443490943503694
850.8	8.5	0.05475791985374794
850.9	8.5	0.05507044719869857
851.0	8.5	0.055373327426576475
851.1	8.5	0.055667313177503036
851.2	8.5	0.05595308184520916
851.3	8.5	0.05623124325299952
851.4	8.5	0.056502346769945276
851.5	8.5	0.05676688779772524
851.6	8.5	0.05702531361701419
851.7	8.5	0.057278028616356405
851.8	8.5	0.057525398944823676
851.9	8.5	0.057767756638239014
852.0	8.5	0.0580054032712124
850.00001	9.00001	0.08441021495878238
850.10001	9.00001	0.08406226445612558
850.20001	9.00001	0.08371136714557577
850.3000099999999	9.00001	0.08335744943697188
850.40001	9.00001	0.08300043659620722
850.50001	9.00001	0.08264025304907426
850.60001	9.00001	0.08227682277420427
850.70001	9.00001	0.0819100698060584
850.8000099999999	9.00001	0.08153991887374061
850.90001	9.00001	0.0811662962073404
851.00001	9.00001	0.08078913055124758
851.10001	9.00001	0.08040835443284809
851.20001	9.00001	0.08002390574667385
851.3000099999999	9.00001	0.03044003201141254
851.40001	9.00001	0.0307929960720814
851.50001	9.00001	0.031150861142855955
851.60001	9.00001	0.03151363846532704
851.70001	9.00001	0.031881317589923276
851.8000099999999	9.00001	0.032253860585261036
851.90001	9.00001	0.03263119489217593
852.00001	9.00001	0.03301320452797327
850.00001	8.99001	0.0839612039725513
850.10001	8.99001	0.0836092247405658
850.20001	8.99001	0.08325415807025316
850.3000099999999	8.99001	0.08289592370007251
850.40001	8.99001	0.0825344399511316
850.50001	8.99001	0.08216962404939344
850.60001	8.99001	0.08180139254854432
850.70001	8.99001	0.08142966187799269
850.8000099999999	8.99001	0.0810543490466569
850.90001	8.99001	0.08067537254039062
851.00001	8.99001	0.08029265346040014
851.10001	8.99001	0.07990611696147235
851.20001	8.99001	0.07951569406332619
851.3000099999999	8.99001	0.030830276570425332
851.40001	8.99001	0.03119074421073414
851.50001	8.99001	0.03155633739892146
851.60001	8.99001	0.03192706774476625
851.70001	8.99001	0.03230292186449336
851.8000099999999	8.99001	0.03268385443372924
851.90001	8.99001	0.03306977955004985
852.00001	8.99001	0.03346056002511744
850.00001	8.98001	0.08350731460014309
850.10001	8.98001	0.08315112197802972
850.20001	8.98001	0.08279169031486333
850.3000099999999	8.98001	0.08242893188300585
850.40001	8.98001	0.08206275720843796
850.50001	8.98001	0.08169307541110121
850.60001	8.98001	0.08131979465904393
850.70001	8.98001	0.08094282276534426
850.8000099999999	8.98001	0.08056206796419461
850.90001	8.98001	0.08017743991172012
851.00001	8.98001	0.07978885096868053
851.10001	8.98001	0.07939621783686324
851.20001	8.98001	0.07899946363937957
851.3000099999999	8.98001	0.03123008003384015
851.40001	8.98001	0.03159845324309608
851.50001	8.98001	0.031972198996247515
851.60001	8.98001	0.03235132916996187
851.70001	8.98001	0.032735826644264526
851.8000099999999	8.98001	0.033125636899555784
851.90001	8.98001	0.033520657484837596
852.00001	8.98001	0.03392072486145868
850.00001	8.97001	0.08304828004292833
850.10001	8.97001	0.082687675109181
850.20001	8.97001	0.08232366734909455
850.3000099999999	8.97001	0.08195616065216045
850.40001	8.97001	0.08158505676451361
850.50001	8.97001	0.0812102556463926
850.60001	8.97001	0.08083165595852354
850.70001	8.97001	0.08044915571182694
850.8000099999999	8.97001	0.08006265312392666
850.90001	8.97001	0.07967204773740807
851.00001	8.97001	0.07927724186942947
851.10001	8.97001	0.07887814248086474
851.20001	8.97001	0.07847466357672878
851.3000099999999	8.97001	0.03164003532467279
851.40001	8.97001	0.03201675869223965
851.50001	8.97001	0.03239912736571394
851.60001	8.97001	0.032787153318220665
851.70001	8.97001	0.03318081462926802
851.8000099999999	8.97001	0.03358004522928918
851.90001	8.97001	0.03398472193478646
852.00001	8.97001	0.034394648120287974
850.00001	8.96001	0.08258382205385247
850.10001	8.96001	0.08221859016485666
850.20001	8.96001	0.08184977809838609
850.3000099999999	8.96001	0.08147728029920003
850.40001	8.96001	0.08110098858823223
850.50001	8.96001	0.08072079253516207
850.60001	8.96001	0.08033657997726759
850.70001	8.96001	0.07994823772556889
850.8000099999999	8.96001	0.0795556525104801
850.90001	8.96001	0.07915871223363997
851.00001	8.96001	0.07875730761118972
851.10001	8.96001	0.07835133431752023
851.20001	8.96001	0.07794069576908211
851.3000099999999	8.96001	0.03206078978380935
851.40001	8.96001	0.03244635691499887
851.50001	8.96001	0.03283787182947554
851.60001	8.96001	0.03323534632522586
851.70001	8.96001	0.033638752256295035
851.8000099999999	8.96001	0.03404800889290427
851.90001	8.96001	0.034462966793251074
852.00001	8.96001	0.034883387313996914
850.00001	8.950009999999999	0.0821136519646681
850.10001	8.950009999999999	0.08174356112434528
850.20001	8.950009999999999	0.08136969760365828
850.3000099999999	8.950009999999999	0.08099194516740316
850.40001	8.950009999999999	0.08061018437304882
850.50001	8.950009999999999	0.0802242929548904
850.60001	8.950009999999999	0.07983414637442836
850.70001	8.950009999999999	0.07943961858604044
850.8000099999999	8.950009999999999	0.07904058308100394
850.90001	8.950009999999999	0.07863691429125108
851.00001	8.950009999999999	0.07822848945798422
851.10001	8.950009999999999	0.07781519110100256
851.20001	8.950009999999999	0.07739691026457743
851.3000099999999	8.950009999999999	0.03249305088219166
851.40001	8.950009999999999	0.03288801207169476
851.50001	8.950009999999999	0.03328925798513116
851.60001	8.950009999999999	0.033696799825543446
851.70001	8.950009999999999	0.03411060129497569
851.8000099999999	8.950009999999999	0.034530562846528855
851.90001	8.950009999999999	0.03495650138804375
852.00001	8.950009999999999	0.035388124256420454
850.00001	8.94001	0.08163747132307902
850.10001	8.94001	0.08126227035503403
850.20001	8.94001	0.08088308722773281
850.3000099999999	8.94001	0.08049979358266982
850.40001	8.94001	0.08011225714266802
850.50001	8.94001	0.07972034210190385
850.60001	8.94001	0.0793239097050747
850.70001	8.94001	0.07892281907457377
850.8000099999999	8.94001	0.07851692836230041
850.90001	8.94001	0.07810609632601961
851.00001	8.94001	0.07769018446084837
851.10001	8.94001	0.07726905985649984
851.20001	8.94001	0.07684259900380419
851.3000099999999	8.94001	0.03293759372617919
851.40001	8.94001	0.03334256521981319
851.50001	8.94001	0.033754198591864334
851.60001	8.94001	0.0341725038125197
851.70001	8.94001	0.034597433798673076
851.8000099999999	8.94001	0.03502886455810627
851.90001	8.94001	0.03546656932008382
852.00001	8.94001	0.03591018503204933
850.00001	8.93001	0.0811549720533774
850.10001	8.93001	0.08077438854067052
850.20001	8.93001	0.0803895943079443
850.3000099999999	8.93001	0.0800004471789408
850.40001	8.93001	0.07960680018785686
850.50001	8.93001	0.07920850196644326
850.60001	8.93001	0.07880539734641273
850.70001	8.93001	0.0783973282481489
850.8000099999999	8.93001	0.07798413494930295
850.90001	8.93001	0.07756565785677341
851.00001	8.93001	0.07714173994543969
851.10001	8.93001	0.07671223007994747
851.20001	8.93001	0.07627698750628906
851.3000099999999	8.93001	0.033395270902239975
851.40001	8.93001	0.03381094618481809
851.50001	8.93001	0.03423370773587486
851.60001	8.93001	0.03466356333152445
851.70001	8.93001	0.03510045146052754
851.8000099999999	8.93001	0.03554421595556205
851.90001	8.93001	0.035994572550852484
852.00001	8.93001	0.03645106510951662
850.00001	8.92001	0.08066583606236785
850.10001	8.92001	0.08027957401239096
850.20001	8.92001	0.07988885115949616
850.3000099999999	8.92001	0.07949350951059952
850.40001	8.92001	0.07909338521194705
850.50001	8.92001	0.07868830892001016
850.60001	8.92001	0.07827810641740687
850.70001	8.92001	0.07786259955987836
850.8000099999999	8.92001	0.07744160766921367
850.90001	8.92001	0.07701494952586743
851.00001	8.92001	0.07658244616731212
851.10001	8.92001	0.07614392476876992
851.20001	8.92001	0.075699223978247
851.3000099999999	8.92001	0.03386702534503572
851.40001	8.92001	0.034294189040370314
851.50001	8.92001	0.03472891927991802
851.60001	8.92001	0.035171220200523184
851.70001	8.92001	0.03562101075327477
851.8000099999999	8.92001	0.03607809181001242
851.90001	8.92001	0.03654210224512045
852.00001	8.92001	0.0370124607993775
850.00001	8.91001	0.08016973421617463
850.10001	8.91001	0.0797774713987409
850.20001	8.91001	0.07938047333402437
850.3000099999999	8.91001	0.07897856384138914
850.40001	8.91001	0.07857155955544995
850.50001	8.91001	0.0781592702610391
850.60001	8.91001	0.07774149950662534
850.70001	8.91001	0.07731804560088357
850.8000099999999	8.91001	0.07688870313433863
850.90001	8.91001	0.07645326521874211
851.00001	8.91001	0.07601152670635922
851.10001	8.91001	0.07556328874648677
851.20001	8.91001	0.07510836516710118
851.3000099999999	8.91001	0.034353907107849
851.40001	8.91001	0.03479345228537049
851.50001	8.91001	0.03524111092813083
851.60001	8.91001	0.03569688135484471
851.70001	8.91001	0.03616065570074498
851.8000099999999	8.91001	0.036632176558117215
851.90001	8.91001	0.03711097827657946
852.00001	8.91001	0.03759630832930942
850.00001	8.90001	0.07966632461265849
850.10001	8.90001	0.07926770950794246
850.20001	8.90001	0.07886405703194552
850.3000099999999	8.90001	0.07845516998959606
850.40001	8.90001	0.07804084235534578
850.50001	8.90001	0.07762085954313747
850.60001	8.90001	0.07719499899185182
850.70001	8.90001	0.07676303119420794
850.8000099999999	8.90001	0.0763247213453595
850.90001	8.90001	0.07587983185447365
851.00001	8.90001	0.07542812605581506
851.10001	8.90001	0.07496937358588884
851.20001	8.90001	0.07450335807451902
851.3000099999999	8.90001	0.034857095194220415
851.40001	8.90001	0.03531004517515748
851.50001	8.90001	0.035771735713690696
851.60001	8.90001	0.036242156002252474
851.70001	8.90001	0.036721160809297534
851.8000099999999	8.90001	0.03720841225314725
851.90001	8.90001	0.03770329977971611
852.00001	8.90001	0.03820483162440762
850.00001	8.89001	0.07915525007008098
850.10001	8.89001	0.0787498983487847
850.20001	8.89001	0.07833917555659549
850.3000099999999	8.89001	0.07792286009371253
850.40001	8.89001	0.07750071947220812
850.50001	8.89001	0.0770725104783615
850.60001	8.89001	0.07663797969050777
850.70001	8.89001	0.07619686450928578
850.8000099999999	8.89001	0.07574889492048124
850.90001	8.89001	0.07529379629989844
851.00001	8.89001	0.07483129369639621
851.10001	8.89001	0.07436111820909104
851.20001	8.89001	0.07388301633085244
851.3000099999999	8.89001	0.03537792601779522
851.40001	8.89001	0.03584546220924718
851.50001	8.89001	0.03632246342429602
851.60001	8.89001	0.03680890465071761
851.70001	8.89001	0.03730458768516278
851.8000099999999	8.89001	0.0378090612826995
851.90001	8.89001	0.038321509607461744
852.00001	8.89001	0.03884059899925265
850.00001	8.88001	0.07863613474707355
850.10001	8.88001	0.0782236251874938
850.20001	8.88001	0.07780537468440793
850.3000099999999	8.88001	0.07738113314242766
850.40001	8.88001	0.07695063698886435
850.50001	8.88001	0.07651360916601642
850.60001	8.88001	0.07606975952034818
850.70001	8.88001	0.07561878578153905
850.8000099999999	8.88001	0.07516037540779276
850.90001	8.88001	0.07469420869408
851.00001	8.88001	0.07421996371405834
851.10001	8.88001	0.07373732391905846
851.20001	8.88001	0.0732459895851711
851.3000099999999	8.88001	0.03591793066239178
851.40001	8.88001	0.03640142859584887
851.50001	8.88001	0.03689523555107891
851.60001	8.88001	0.03739930439746805
851.70001	8.88001	0.0379133603423107
851.8000099999999	8.88001	0.03843678877123442
851.90001	8.88001	0.0389684757745521
852.00001	8.88001	0.039506586337825535
850.00001	8.870009999999999	0.07810857980402452
850.10001	8.870009999999999	0.07768844952854079
850.20001	8.870009999999999	0.07726216680982582
850.3000099999999	8.870009999999999	0.07682944808872964
850.40001	8.870009999999999	0.07638999304827136
850.50001	8.870009999999999	0.07594348434433332
850.60001	8.870009999999999	0.0754895877727013
850.70001	8.870009999999999	0.07502795311008424
850.8000099999999	8.870009999999999	0.07455821597770529
850.90001	8.870009999999999	0.07408000123971907
851.00001	8.870009999999999	0.07359292869095936
851.10001	8.870009999999999	0.07309662214908497
851.20001	8.870009999999999	0.07259072360363492
851.3000099999999	8.870009999999999	0.03647888402804623
851.40001	8.870009999999999	0.03697996076612473
851.50001	8.870009999999999	0.03749233900174209
851.60001	8.870009999999999	0.038015936914175874
851.70001	8.870009999999999	0.038550366413469934
851.8000099999999	8.870009999999999	0.039094771207762266
851.90001	8.870009999999999	0.039647592180190705
852.00001	8.870009999999999	0.04020623739516427
850.00001	8.860009999999999	0.07757215801346437
850.10001	8.860009999999999	0.07714389689937344
850.20001	8.860009999999999	0.07670902370783202
850.3000099999999	8.860009999999999	0.07626721534079856
850.40001	8.860009999999999	0.07581812775490551
850.50001	8.860009999999999	0.07536139529585148
850.60001	8.860009999999999	0.07489663050025346
850.70001	8.860009999999999	0.07442342465742283
850.8000099999999	8.860009999999999	0.07394134957218258
850.90001	8.860009999999999	0.07344996119475856
851.00001	8.860009999999999	0.07294880612583611
851.10001	8.860009999999999	0.07243743252759625
851.20001	8.860009999999999	0.07191540777366055
851.3000099999999	8.860009999999999	0.037062870359886486
851.40001	8.860009999999999	0.037583447977036215
851.50001	8.860009999999999	0.03811650644167658
851.60001	8.860009999999999	0.03866190878723476
851.70001	8.860009999999999	0.03921909477688246
851.8000099999999	8.860009999999999	0.03978683955463979
851.90001	8.860009999999999	0.04036289701219981
852.00001	8.860009999999999	0.040943494268207106
850.00001	8.85001	0.0770264072282011
850.10001	8.85001	0.07658945131316651
850.20001	8.85001	0.07614536774091767
850.3000099999999	8.85001	0.07569378639152002
850.40001	8.85001	0.07523431081152439
850.50001	8.85001	0.07476651695272603
850.60001	8.85001	0.07428995238942884
850.70001	8.85001	0.07380413637264503
850.8000099999999	8.85001	0.0733085612801663
850.90001	8.85001	0.07280269633374795
851.00001	8.85001	0.07228599494416009
851.10001	8.85001	0.07175790781685659
851.20001	8.85001	0.07121790517424507
851.3000099999999	8.85001	0.03767237189334777
851.40001	8.85001	0.03821476421414396
851.50001	8.85001	0.03877105540142547
851.60001	8.85001	0.03934101906372708
851.70001	8.85001	0.039923824969806274
851.8000099999999	8.85001	0.04051766574753031
851.90001	8.85001	0.04111919440245286
852.00001	8.85001	0.041722726895064635
850.00001	8.84001	0.0764708226208228
850.10001	8.84001	0.07602454627982681
850.20001	8.84001	0.07557056132040069
850.3000099999999	8.84001	0.07510844131194808
850.40001	8.84001	0.07463772649705762
850.50001	8.84001	0.07415792163764781
850.60001	8.84001	0.0736684943092366
850.70001	8.84001	0.07316887407839621
850.8000099999999	8.84001	0.07265845327002707
850.90001	8.84001	0.07213659046883739
851.00001	8.84001	0.07160261861009568
851.10001	8.84001	0.07105586067649965
851.20001	8.84001	0.07049565792952937
851.3000099999999	8.84001	0.03831039100144066
851.40001	8.84001	0.038877424892605275
851.50001	8.84001	0.03946008547910334
851.60001	8.84001	0.04005799738953078
851.70001	8.84001	0.04066989051538547
851.8000099999999	8.84001	0.04129299693884285
851.90001	8.84001	0.04192212663003827
852.00001	8.84001	0.0425483789931378
850.00001	8.83001	0.07590484761594389
850.10001	8.83001	0.07544855423233973
850.20001	8.83001	0.07498389441201476
850.3000099999999	8.83001	0.07451037378804665
850.40001	8.83001	0.0740274555052942
850.50001	8.83001	0.07353455672747536
850.60001	8.83001	0.07303104548239352
850.70001	8.83001	0.07251623836293843
850.8000099999999	8.83001	0.07198939996973495
850.90001	8.83001	0.0714497455998248
851.00001	8.83001	0.07089644973176383
851.10001	8.83001	0.0703286646415684
851.20001	8.83001	0.0697455565511877
851.3000099999999	8.83001	0.038980622402716235
851.40001	8.83001	0.03957581199830641
851.50001	8.83001	0.040188765498596096
851.60001	8.83001	0.04081885038674229
851.70001	8.83001	0.041464045981360616
851.8000099999999	8.83001	0.04211991799703643
851.90001	8.83001	0.042778032656525064
852.00001	8.83001	0.043423867735100964
850.00001	8.82001	0.07532786344584332
850.10001	8.82001	0.07486077423126311
850.20001	8.82001	0.07438456984979482
850.3000099999999	8.82001	0.07389867331978736
850.40001	8.82001	0.0734024530487005
850.50001	8.82001	0.07289521732307114
850.60001	8.82001	0.07237620887857715
850.70001	8.82001	0.07184460014183652
850.8000099999999	8.82001	0.07129949023293422
850.90001	8.82001	0.07073990569519166
851.00001	8.82001	0.07016480847792411
851.10001	8.82001	0.0695731174947629
851.20001	8.82001	0.06896375514759831
851.3000099999999	8.82001	0.03968770284754639
851.40001	8.82001	0.04031550782125111
851.50001	8.82001	0.04096376520836649
851.60001	8.82001	0.041631377763123416
851.70001	8.82001	0.042314968881592835
851.8000099999999	8.82001	0.04300703173282603
851.90001	8.82001	0.0436931035129844
852.00001	8.82001	0.04434860399881643
850.00001	8.81001	0.0747391772695647
850.10001	8.81001	0.07426041780314474
850.20001	8.81001	0.07377168618792455
850.3000099999999	8.81001	0.07327230412183357
850.40001	8.81001	0.07276152247648678
850.50001	8.81001	0.07223851272814655
850.60001	8.81001	0.07170235793893363
850.70001	8.81001	0.07115204390946746
850.8000099999999	8.81001	0.0705864517853461
850.90001	8.81001	0.07000435464192051
851.00001	8.81001	0.06940442291833027
851.10001	8.81001	0.06878524804724463
851.20001	8.81001	0.06814540226809634
851.3000099999999	8.81001	0.040437585722698705
851.40001	8.81001	0.04110380879378741
851.50001	8.81001	0.04179392912278254
851.60001	8.81001	0.04250595772658066
851.70001	8.81001	0.043233887077711544
851.8000099999999	8.81001	0.043964120150452875
851.90001	8.81001	0.04467040885504067
852.00001	8.81001	0.04531071133633545
850.00001	8.80001	0.07413800880537806
850.10001	8.80001	0.07364659275936897
850.20001	8.80001	0.07314421777705477
850.3000099999999	8.80001	0.07263008016281415
850.40001	8.80001	0.07210328345106322
850.50001	8.80001	0.07156282515593516
850.60001	8.80001	0.07100758204414133
850.70001	8.80001	0.07043629445319442
850.8000099999999	8.80001	0.06984755102243716
850.90001	8.80001	0.0692397769347705
851.00001	8.80001	0.0686112323058029
851.10001	8.80001	0.06796003465164277
851.20001	8.80001	0.06728423461109195
851.3000099999999	8.80001	0.04123812706706315
851.40001	8.80001	0.04195055421540035
851.50001	8.80001	0.04269137518406527
851.60001	8.80001	0.04345674904998617
851.70001	8.80001	0.04423508042245327
851.8000099999999	8.80001	0.04499968991508134
851.90001	8.80001	0.04570096863383244
852.00001	8.80001	0.04627264989719062
850.00001	8.790009999999999	0.07352347544099344
850.10001	8.790009999999999	0.07301828483576824
850.20001	8.790009999999999	0.07250099170559297
850.3000099999999	8.790009999999999	0.0719706356594354
850.40001	8.790009999999999	0.07142613346814149
850.50001	8.790009999999999	0.0708662585697844
850.60001	8.790009999999999	0.07028961715741303
850.70001	8.790009999999999	0.06969462095307599
850.8000099999999	8.790009999999999	0.06907945775249504
850.90001	8.790009999999999	0.06844206312510416
851.00001	8.790009999999999	0.06778010191613637
851.10001	8.790009999999999	0.06709098022474502
851.20001	8.790009999999999	0.06637193637766418
851.3000099999999	8.790009999999999	0.042100051060852725
851.40001	8.790009999999999	0.04286954192292026
851.50001	8.790009999999999	0.04367337499436364
851.60001	8.790009999999999	0.044503430489842406
851.70001	8.790009999999999	0.045334822781520075
851.8000099999999	8.790009999999999	0.04611086385887153
851.90001	8.790009999999999	0.04674192551154272
852.00001	8.790009999999999	0.04715759886519165
850.00001	8.780009999999999	0.07289457581686905
850.10001	8.780009999999999	0.07237433700599831
850.20001	8.780009999999999	0.07184066121692147
850.3000099999999	8.780009999999999	0.07129239022351236
850.40001	8.780009999999999	0.07072820120886952
850.50001	8.780009999999999	0.07014657491238194
850.60001	8.780009999999999	0.06954575672298591
850.70001	8.780009999999999	0.06892370965375084
850.8000099999999	8.780009999999999	0.06827805897251119
850.90001	8.780009999999999	0.06760603093669193
851.00001	8.780009999999999	0.06690439547979034
851.10001	8.780009999999999	0.06616944238793296
851.20001	8.780009999999999	0.06539707298816007
851.3000099999999	8.780009999999999	0.043038648615694466
851.40001	8.780009999999999	0.04388112849282906
851.50001	8.780009999999999	0.04476572142541397
851.60001	8.780009999999999	0.04567285744758949
851.70001	8.780009999999999	0.04654175384478063
851.8000099999999	8.780009999999999	0.04725073685991647
851.90001	8.780009999999999	0.047689478530699346
852.00001	8.780009999999999	0.047873647631604656
850.00001	8.77001	0.07225017195098787
850.10001	8.77001	0.07171342638850392
850.20001	8.77001	0.0711616752476512
850.3000099999999	8.77001	0.07059350780368741
850.40001	8.77001	0.07000728994257138
850.50001	8.77001	0.06940111423527127
850.60001	8.77001	0.06877273613219896
850.70001	8.77001	0.06811949231433474
850.8000099999999	8.77001	0.06743819697704646
850.90001	8.77001	0.06672501358129966
851.00001	8.77001	0.06597530816347043
851.10001	8.77001	0.06518352057218109
851.20001	8.77001	0.0643431903814184
851.3000099999999	8.77001	0.04407703390647616
851.40001	8.77001	0.04501747202432299
851.50001	8.77001	0.046008762196551325
851.60001	8.77001	0.04699391253615252
851.70001	8.77001	0.047809931355565445
851.8000099999999	8.77001	0.048273722659320166
851.90001	8.77001	0.048417558489732414
852.00001	8.77001	0.04838152710793982
850.00001	8.76001	0.07158897013990795
850.10001	8.76001	0.07103403886084057
850.20001	8.76001	0.07046224393333061
850.3000099999999	8.76001	0.0698718487129923
850.40001	8.76001	0.06926080914566718
850.50001	8.76001	0.0686266946225013
850.60001	8.76001	0.06796658202832605
850.70001	8.76001	0.06727691213518584
850.8000099999999	8.76001	0.06655329318281397
850.90001	8.76001	0.0657902322140298
851.00001	8.76001	0.06498077651971536
851.10001	8.76001	0.06411608197426806
851.20001	8.76001	0.06318510718172661
851.3000099999999	8.76001	0.04525317112915726
851.40001	8.76001	0.04633445112255979
851.50001	8.76001	0.04746447518314576
851.60001	8.76001	0.048436459694288315
851.70001	8.76001	0.048925223600086325
851.8000099999999	8.76001	0.04900126761920217
851.90001	8.76001	0.048892520579361526
852.00001	8.76001	0.04871061079478786
850.00001	8.75001	0.07090950122743427
850.10001	8.75001	0.07033444196137043
850.20001	8.75001	0.06974030051540854
850.3000099999999	8.75001	0.06912491471815005
850.40001	8.75001	0.06848569315467
850.50001	8.75001	0.067819487998845
850.60001	8.75001	0.06712241624539186
850.70001	8.75001	0.06638960233664921
850.8000099999999	8.75001	0.06561479807947895
850.90001	8.75001	0.06478980717737863
851.00001	8.75001	0.06390359830809646
851.10001	8.75001	0.06294095545703686
851.20001	8.75001	0.06188071954296269
851.3000099999999	8.75001	0.04663794054788462
851.40001	8.75001	0.04794238216859269
851.50001	8.75001	0.049159466633525176
851.60001	8.75001	0.04966506699678255
851.70001	8.75001	0.049626664079735004
851.8000099999999	8.75001	0.04942305586326173
851.90001	8.75001	0.04917335870969533
852.00001	8.75001	0.04891226974756917
850.00001	8.74001	0.07021010156036964
850.10001	8.74001	0.06961265768258464
850.20001	8.74001	0.06899346151452004
850.3000099999999	8.74001	0.06834978913090815
850.40001	8.74001	0.06767830824755137
850.50001	8.74001	0.06697487090563077
850.60001	8.74001	0.06623420635466575
850.70001	8.74001	0.06544944916389886
850.8000099999999	8.74001	0.0646113819776048
850.90001	8.74001	0.06370715563396152
851.00001	8.74001	0.06271798915078512
851.10001	8.74001	0.06161475092758652
851.20001	8.74001	0.06034916221098941
851.3000099999999	8.74001	0.048397594055718286
851.40001	8.74001	0.05003691412434731
851.50001	8.74001	0.05051981522672205
851.60001	8.74001	0.05029067154912261
851.70001	8.74001	0.049968661098171295
851.8000099999999	8.74001	0.049642918042553344
851.90001	8.74001	0.04932877593187977
852.00001	8.74001	0.0490285807947144
850.00001	8.73001	0.06948889738922155
850.10001	8.73001	0.06886643890418916
850.20001	8.73001	0.06821899026738938
850.3000099999999	8.73001	0.06754307876093078
850.40001	8.73001	0.06683435705809844
850.50001	8.73001	0.06608726064433483
850.60001	8.73001	0.06529447089604011
850.70001	8.73001	0.06444602952124331
850.8000099999999	8.73001	0.06352778070722263
850.90001	8.73001	0.0625183896141481
851.00001	8.73001	0.06138293867270767
851.10001	8.73001	0.060056648741163766
851.20001	8.73001	0.058390633268397545
851.3000099999999	8.73001	0.05120554368332215
851.40001	8.73001	0.05150150414352267
851.50001	8.73001	0.05098072100270556
851.60001	8.73001	0.05052194065943256
851.70001	8.73001	0.05011501377957088
851.8000099999999	8.73001	0.04974597329725503
851.90001	8.73001	0.04940560137654639
852.00001	8.73001	0.04908775849122371
850.00001	8.72001	0.06874379825287642
850.10001	8.72001	0.06809325758488313
850.20001	8.72001	0.06741377596642592
850.3000099999999	8.72001	0.06670087625192647
850.40001	8.72001	0.06594880912768539
850.50001	8.72001	0.06514998220525559
850.60001	8.72001	0.06429401073007789
850.70001	8.72001	0.06336602965026958
850.8000099999999	8.72001	0.0623434149369187
850.90001	8.72001	0.06118858415322323
851.00001	8.72001	0.05982999612421619
851.10001	8.72001	0.058093326601848974
851.20001	8.72001	0.055187753080475514
851.3000099999999	8.72001	0.05253131911226483
851.40001	8.72001	0.051672015553930986
851.50001	8.72001	0.051072821992045395
851.60001	8.72001	0.05058451745364626
851.70001	8.72001	0.05016084651420377
851.8000099999999	8.72001	0.049780597427045555
851.90001	8.72001	0.0494320223275426
852.00001	8.72001	0.04910783252179762
850.00001	8.71001	0.06797251018873787
850.10001	8.71001	0.06729032160727841
850.20001	8.71001	0.06657435540163867
850.3000099999999	8.71001	0.06581878829283155
850.40001	8.71001	0.06501593718468278
850.50001	8.71001	0.06415531296799414
850.60001	8.71001	0.06322195663422954
850.70001	8.71001	0.062193268191607705
850.8000099999999	8.71001	0.06103228617501536
850.90001	8.71001	0.05967125283102384
851.00001	8.71001	0.057963725055349864
851.10001	8.71001	0.055596893410303064
851.20001	8.71001	0.05343032340814663
851.3000099999999	8.71001	0.052332906414103535
851.40001	8.71001	0.0516099532492617
851.50001	8.71001	0.051045902103982146
851.60001	8.71001	0.05057021091882216
851.70001	8.71001	0.05015152769824344
851.8000099999999	8.71001	0.04977311270068986
851.90001	8.71001	0.049424914035782176
852.00001	8.71001	0.049100385799213046
850.00001	8.700009999999999	0.0671725895962383
850.10001	8.700009999999999	0.06645465456710094
850.20001	8.700009999999999	0.06569703636388323
850.3000099999999	8.700009999999999	0.06489213651947018
850.40001	8.700009999999999	0.06402966552338324
850.50001	8.700009999999999	0.06309513760757841
850.60001	8.700009999999999	0.062067140714130026
850.70001	8.700009999999999	0.06091203896551751
850.8000099999999	8.700009999999999	0.05957319854309797
850.90001	8.700009999999999	0.05795292480097274
851.00001	8.700009999999999	0.05597104492509861
851.10001	8.700009999999999	0.05413007502386824
851.20001	8.700009999999999	0.05293796084663547
851.3000099999999	8.700009999999999	0.05212292397764817
851.40001	8.700009999999999	0.0514938611857968
851.50001	8.700009999999999	0.05097094179220917
851.60001	8.700009999999999	0.05051636431247752
851.70001	8.700009999999999	0.050109619365652364
851.8000099999999	8.700009999999999	0.0497383856989767
851.90001	8.700009999999999	0.04939468189338636
852.00001	8.700009999999999	0.049073034091116075
850.00001	8.69001	0.06634157705891135
850.10001	8.69001	0.06558330660034428
850.20001	8.69001	0.06477824707128202
850.3000099999999	8.69001	0.06391657331425775
850.40001	8.69001	0.06298474137537716
850.50001	8.69001	0.06196340550947511
850.60001	8.69001	0.06082396315079885
850.70001	8.69001	0.05952376852181024
850.8000099999999	8.69001	0.05800858327661532
850.90001	8.69001	0.05628962119810858
851.00001	8.69001	0.05467616586722601
851.10001	8.69001	0.05347654186503181
851.20001	8.69001	0.05260423111382912
851.3000099999999	8.69001	0.051923912807216956
851.40001	8.69001	0.051360208616588174
851.50001	8.69001	0.05087319996584997
851.60001	8.69001	0.050440185289387346
851.70001	8.69001	0.05004723881825314
851.8000099999999	8.69001	0.04968525874192513
851.90001	8.69001	0.0493479838980464
852.00001	8.69001	0.049030925532524944
850.00001	8.68001	0.06547728342446839
850.10001	8.68001	0.06467382717521997
850.20001	8.68001	0.06381536311541557
850.3000099999999	8.68001	0.06288963091708007
850.40001	8.68001	0.06187989169247622
850.50001	8.68001	0.06076326238508688
850.60001	8.68001	0.05951054492718819
850.70001	8.68001	0.058097933196783746
850.8000099999999	8.68001	0.05656715705678904
850.90001	8.68001	0.0551189918711695
851.00001	8.68001	0.053950514969071266
851.10001	8.68001	0.053050047833487615
851.20001	8.68001	0.052332805821274836
851.3000099999999	8.68001	0.051735666559509966
851.40001	8.68001	0.05122034481855953
851.50001	8.68001	0.050763559963903374
851.60001	8.68001	0.050350520139185444
851.70001	8.68001	0.049971369550130866
851.8000099999999	8.68001	0.049619255436197884
851.90001	8.68001	0.04928923624033364
852.00001	8.68001	0.04897763702359944
850.00001	8.67001	0.06457835485100805
850.10001	8.67001	0.06372523557393514
850.20001	8.67001	0.06280847483271149
850.3000099999999	8.67001	0.06181416400192592
850.40001	8.67001	0.060725034067559545
850.50001	8.67001	0.059523087446128845
850.60001	8.67001	0.058203301658769004
850.70001	8.67001	0.05681372277040745
850.8000099999999	8.67001	0.055491033407502686
850.90001	8.67001	0.05436764403205296
851.00001	8.67001	0.0534597667396037
851.10001	8.67001	0.052718640699117685
851.20001	8.67001	0.05209557105465494
851.3000099999999	8.67001	0.0515563997112326
851.40001	8.67001	0.051078644878146055
851.50001	8.67001	0.05064736094871399
851.60001	8.67001	0.0502523168539879
851.70001	8.67001	0.04988627931537004
851.8000099999999	8.67001	0.04954397742975166
851.90001	8.67001	0.04922146529935788
852.00001	8.67001	0.048915718319207824
850.00001	8.66001	0.06364531674634616
850.10001	8.66001	0.06273985176255607
850.20001	8.66001	0.06176375425900554
850.3000099999999	8.66001	0.06070477887117273
850.40001	8.66001	0.0595534511039467
850.50001	8.66001	0.058315352248912905
850.60001	8.66001	0.057035947724314945
850.70001	8.66001	0.055812149519954064
850.8000099999999	8.66001	0.05473687581462162
850.90001	8.66001	0.053834955086470467
851.00001	8.66001	0.0530807420699989
851.10001	8.66001	0.052438805976791285
851.20001	8.66001	0.051880297931409886
851.3000099999999	8.66001	0.051384526780538314
851.40001	8.66001	0.050937001234948584
851.50001	8.66001	0.05052746996304872
851.60001	8.66001	0.05014852882092563
851.70001	8.66001	0.04979470495891451
851.8000099999999	8.66001	0.04946186148933187
851.90001	8.66001	0.04914680633046025
852.00001	8.66001	0.04884703034196026
850.00001	8.65001	0.06268233682398809
850.10001	8.65001	0.06172632315712072
850.20001	8.65001	0.06069863268190427
850.3000099999999	8.65001	0.0595958765755242
850.40001	8.65001	0.058429079514100875
850.50001	8.65001	0.05723838757708836
850.60001	8.65001	0.05609491241369877
850.70001	8.65001	0.055066298637698415
850.8000099999999	8.65001	0.05417833207007322
850.90001	8.65001	0.05341939107292844
851.00001	8.65001	0.052764839077913135
851.10001	8.65001	0.05219131464031703
851.20001	8.65001	0.05168049649063347
851.3000099999999	8.65001	0.051218807173852215
851.40001	8.65001	0.05079627923054084
851.50001	8.65001	0.05040553121707579
851.60001	8.65001	0.050041011874038234
851.70001	8.65001	0.0496984735508659
851.8000099999999	8.65001	0.04937460996065666
851.90001	8.65001	0.049066805731611644
852.00001	8.65001	0.048772961105959876
850.00001	8.64001	0.06169975489419905
850.10001	8.64001	0.06070341341960196
850.20001	8.64001	0.059646280176423705
850.3000099999999	8.64001	0.05854175927744188
850.40001	8.64001	0.057424322235345916
850.50001	8.64001	0.05634767856580093
850.60001	8.64001	0.05536261304690634
850.70001	8.64001	0.054493037379896775
850.8000099999999	8.64001	0.05373552553825552
850.90001	8.64001	0.05307363106300838
851.00001	8.64001	0.052489048880836574
851.10001	8.64001	0.051966053299366634
851.20001	8.64001	0.05149228110037685
851.3000099999999	8.64001	0.051058286320388106
851.40001	8.64001	0.05065687685743012
851.50001	8.64001	0.0502825361413176
851.60001	8.64001	0.04993098236724632
851.70001	8.64001	0.04959884747620293
851.8000099999999	8.64001	0.04928344630648991
851.90001	8.64001	0.04898261034537952
852.00001	8.64001	0.04869456704144385
850.00001	8.63001	0.06071657032935708
850.10001	8.63001	0.05970179263190148
850.20001	8.63001	0.05865191047272295
850.3000099999999	8.63001	0.05759621181307098
850.40001	8.63001	0.05657626565324873
850.50001	8.63001	0.05563119759444157
850.60001	8.63001	0.054782202044983866
850.70001	8.63001	0.05403047667517517
850.8000099999999	8.63001	0.05336552564569344
850.90001	8.63001	0.052773386371904464
851.00001	8.63001	0.05224089686790638
851.10001	8.63001	0.05175706402502297
851.20001	8.63001	0.05131313006605362
851.3000099999999	8.63001	0.05090222563929692
851.40001	8.63001	0.05051896672947331
851.50001	8.63001	0.05015910718004002
851.60001	8.63001	0.04981926671582647
851.70001	8.63001	0.04949672577237171
851.8000099999999	8.63001	0.04918927262006168
851.90001	8.63001	0.04889508953983697
852.00001	8.63001	0.0486126676475346
850.00001	8.620009999999999	0.059760405732189444
850.10001	8.620009999999999	0.058758754401455615
850.20001	8.620009999999999	0.05775596713030891
850.3000099999999	8.620009999999999	0.05678489232627277
850.40001	8.620009999999999	0.055876339201093014
850.50001	8.620009999999999	0.05504873700549637
850.60001	8.620009999999999	0.054305769146665614
850.70001	8.620009999999999	0.053641141396263865
850.8000099999999	8.620009999999999	0.05304445189575397
850.90001	8.620009999999999	0.05250490966695487
851.00001	8.620009999999999	0.052012931504951836
851.10001	8.620009999999999	0.05156054794183951
851.20001	8.620009999999999	0.05114131057413719
851.3000099999999	8.620009999999999	0.050750047760736834
851.40001	8.620009999999999	0.0503826096885532
851.50001	8.620009999999999	0.05003564889906828
851.60001	8.620009999999999	0.04970644463262357
851.70001	8.620009999999999	0.04939276649787238
851.8000099999999	8.620009999999999	0.04909276989629668
851.90001	8.620009999999999	0.04880491597715532
852.00001	8.620009999999999	0.04852791018780649
850.00001	8.610009999999999	0.05886192210337781
850.10001	8.610009999999999	0.05790511701257624
850.20001	8.610009999999999	0.056976727200561995
850.3000099999999	8.610009999999999	0.05610146947058752
850.40001	8.610009999999999	0.05529525226079836
850.50001	8.610009999999999	0.05456298430854334
850.60001	8.610009999999999	0.053901277493232216
850.70001	8.610009999999999	0.05330255876804107
850.8000099999999	8.610009999999999	0.05275813334813097
850.90001	8.610009999999999	0.05225978417053268
851.00001	8.610009999999999	0.05180037352833041
851.10001	8.610009999999999	0.051373938481044365
851.20001	8.610009999999999	0.05097558059708474
851.3000099999999	8.610009999999999	0.05060129664094145
851.40001	8.610009999999999	0.05024781130339718
851.50001	8.610009999999999	0.049912432763028335
851.60001	8.610009999999999	0.049592934892470374
851.70001	8.610009999999999	0.04928746366750385
851.8000099999999	8.610009999999999	0.04899446362173274
851.90001	8.610009999999999	0.04871262022727505
852.00001	8.610009999999999	0.04844081468619971
850.00001	8.60001	0.05804491558964745
850.10001	8.60001	0.057154223120377705
850.20001	8.60001	0.05630936160976619
850.3000099999999	8.60001	0.05552404491017031
850.40001	8.60001	0.054803674490042496
850.50001	8.60001	0.054146838115696656
850.60001	8.60001	0.053548160690513553
850.70001	8.60001	0.05300074217443527
850.8000099999999	8.60001	0.05249763442174829
850.90001	8.60001	0.05203253060967903
851.00001	8.60001	0.05159998801309322
851.10001	8.60001	0.05119542387485086
851.20001	8.60001	0.0508150208451431
851.3000099999999	8.60001	0.050455608705787254
851.40001	8.60001	0.05011455099969101
851.50001	8.60001	0.049789646653006586
851.60001	8.60001	0.049479048451063205
851.70001	8.60001	0.04918119698067843
851.8000099999999	8.60001	0.048894767653630655
851.90001	8.60001	0.04861862837085285
852.00001	8.60001	0.0483518056759501
850.00001	8.59001	0.05731932835915745
850.10001	8.59001	0.05650228278032837
850.20001	8.59001	0.055737119099190796
850.3000099999999	8.59001	0.05502931389033195
850.40001	8.59001	0.05437877540963291
850.50001	8.59001	0.053781809064689046
850.60001	8.59001	0.05323301601416446
850.70001	8.59001	0.05272659078578919
850.8000099999999	8.59001	0.052257024678578776
850.90001	8.59001	0.05181940537851422
851.00001	8.59001	0.0514094916286378
851.10001	8.59001	0.05102368062769674
851.20001	8.59001	0.05065893356143725
851.3000099999999	8.59001	0.050312691687354756
851.40001	8.59001	0.04998279728401865
851.50001	8.59001	0.04966742466627479
851.60001	8.59001	0.04936502222649081
851.70001	8.59001	0.04907426468240883
851.8000099999999	8.59001	0.04879401411033348
851.90001	8.59001	0.04852328826902137
852.00001	8.59001	0.04826123485893141
850.00001	8.58001	0.05668210848672369
850.10001	8.58001	0.055936217841693836
850.20001	8.58001	0.0552412736880377
850.3000099999999	8.58001	0.0545980485245909
850.40001	8.58001	0.05400411706095375
850.50001	8.58001	0.05345531466194233
850.60001	8.58001	0.05294684124243823
850.70001	8.58001	0.05247393265621918
850.8000099999999	8.58001	0.05203219821251864
850.90001	8.58001	0.05161774974454881
851.00001	8.58001	0.05122721785550841
851.10001	8.58001	0.05085771496464334
851.20001	8.58001	0.05050677819463175
851.3000099999999	8.58001	0.050172308781554396
851.40001	8.58001	0.04985251556985972
851.50001	8.58001	0.04954586541483538
851.60001	8.58001	0.04925104101159927
851.70001	8.58001	0.04896690564983788
851.8000099999999	8.58001	0.04869247401897677
851.90001	8.58001	0.0484268881212123
852.00001	8.58001	0.048169397416289846
850.00001	8.57001	0.05612285676038668
850.10001	8.57001	0.05544081214882731
850.20001	8.57001	0.05480559541542638
850.3000099999999	8.57001	0.05421573053129281
850.40001	8.57001	0.05366805456071102
850.50001	8.57001	0.0531586365570804
850.60001	8.57001	0.05268339158486512
850.70001	8.57001	0.052238428094408096
850.8000099999999	8.57001	0.05182021104901884
850.90001	8.57001	0.05142561470446663
851.00001	8.57001	0.05105191649943045
851.10001	8.57001	0.050696763457248856
851.20001	8.57001	0.05035812861841449
851.3000099999999	8.57001	0.050034266522610414
851.40001	8.57001	0.049723671929611794
851.50001	8.57001	0.049425043378980245
851.60001	8.57001	0.04913725188047465
851.70001	8.57001	0.048859314419744365
851.8000099999999	8.57001	0.048590371724359545
851.90001	8.57001	0.048329669680082434
852.00001	8.57001	0.04807654381787468
850.00001	8.56001	0.05562907345488099
850.10001	8.56001	0.05500231421541201
850.20001	8.56001	0.0544173051695057
850.3000099999999	8.56001	0.05387168844750233
850.40001	8.56001	0.05336227437838382
850.50001	8.56001	0.05288558695054714
850.60001	8.56001	0.052438202198690095
850.70001	8.56001	0.052016929374185936
850.8000099999999	8.56001	0.05161888940705448
850.90001	8.56001	0.05124153313750011
851.00001	8.56001	0.050882627657137386
851.10001	8.56001	0.0505402279536744
851.20001	8.56001	0.05021264356056055
851.3000099999999	8.56001	0.04989840530240657
851.40001	8.56001	0.04959623455344902
851.50001	8.56001	0.04930501595078112
851.60001	8.56001	0.049023773732240795
851.70001	8.56001	0.04875165149487658
851.8000099999999	8.56001	0.04848789501295869
851.90001	8.56001	0.04823183771138292
852.00001	8.56001	0.047982888403090285
850.00001	8.55001	0.05518905149957586
850.10001	8.55001	0.0546094890250304
850.20001	8.55001	0.054066688057725125
850.3000099999999	8.55001	0.053558084602140156
850.40001	8.55001	0.05308074117097349
850.50001	8.55001	0.05263166453162401
850.60001	8.55001	0.05220799294846285
850.70001	8.55001	0.05180709123949037
850.8000099999999	8.55001	0.05142658737707015
850.90001	8.55001	0.05106437518263628
851.00001	8.55001	0.05071859917754305
851.10001	8.55001	0.050387631357743275
851.20001	8.55001	0.050070045476367966
851.3000099999999	8.55001	0.0497645918183066
851.40001	8.55001	0.049470173911948544
851.50001	8.55001	0.049185827750930666
851.60001	8.55001	0.04891070362774548
851.70001	8.55001	0.04864405044397311
851.8000099999999	8.55001	0.04838520225678986
851.90001	8.55001	0.04813356678836361
852.00001	8.55001	0.04788861562882349
850.00001	8.540009999999999	0.05479290942602382
850.10001	8.540009999999999	0.054253529782265074
850.20001	8.540009999999999	0.05374641629669197
850.3000099999999	8.540009999999999	0.05326910266041965
850.40001	8.540009999999999	0.05281898714917668
850.50001	8.540009999999999	0.052393517448333635
850.60001	8.540009999999999	0.05199029501982567
850.70001	8.540009999999999	0.05160712483857837
850.8000099999999	8.540009999999999	0.051242031042240746
850.90001	8.540009999999999	0.05089325293106751
851.00001	8.540009999999999	0.050559230695429384
851.10001	8.540009999999999	0.05023858661114584
851.20001	8.540009999999999	0.04993010502937434
851.3000099999999	8.540009999999999	0.049632712969297
851.40001	8.540009999999999	0.04934546220501432
851.50001	8.540009999999999	0.049067513205343326
851.60001	8.540009999999999	0.0487981209891945
851.70001	8.540009999999999	0.04853662280496572
851.8000099999999	8.540009999999999	0.04828242747060436
851.90001	8.540009999999999	0.048035006185891925
852.00001	8.540009999999999	0.047793884628419846
850.00001	8.530009999999999	0.05443268304645357
850.10001	8.530009999999999	0.05392762633360016
850.20001	8.530009999999999	0.05345093577246683
850.3000099999999	8.530009999999999	0.05300036168934577
850.40001	8.530009999999999	0.052573639020774776
850.50001	8.530009999999999	0.05216859538497468
850.60001	8.530009999999999	0.05178320954319962
850.70001	8.530009999999999	0.05141563692132986
850.8000099999999	8.530009999999999	0.051064214760481404
850.90001	8.530009999999999	0.05072745557426203
851.00001	8.530009999999999	0.05040403454696742
851.10001	8.530009999999999	0.05009277435174789
851.20001	8.530009999999999	0.04979262943248653
851.3000099999999	8.530009999999999	0.04950267087784569
851.40001	8.530009999999999	0.04922207245273671
851.50001	8.530009999999999	0.048950098017682464
851.60001	8.530009999999999	0.04868609037554382
851.70001	8.530009999999999	0.048429461482396824
851.8000099999999	8.530009999999999	0.0481796839094547
851.90001	8.530009999999999	0.047936283423899294
852.00001	8.530009999999999	0.04769883255455445
850.00001	8.52001	0.054102069764651504
850.10001	8.52001	0.05362651182885318
850.20001	8.52001	0.053175991488751136
850.3000099999999	8.52001	0.052748507550436904
850.40001	8.52001	0.05234210110005499
850.50001	8.52001	0.05195491909901343
850.60001	8.52001	0.05158524707847173
850.70001	8.52001	0.051231521577832624
850.8000099999999	8.52001	0.0508923301200057
850.90001	8.52001	0.050566404061427
851.00001	8.52001	0.050252607794759416
851.10001	8.52001	0.04994992647269513
851.20001	8.52001	0.04965745354339125
851.3000099999999	8.52001	0.04937437882050357
851.40001	8.52001	0.049099977455216305
851.50001	8.52001	0.04883359996179538
851.60001	8.52001	0.04857466332204085
851.70001	8.52001	0.048322643124226836
851.8000099999999	8.52001	0.048077066656884195
851.90001	8.52001	0.04783750686329487
852.00001	8.52001	0.04760357706000679
850.00001	8.51001	0.05379610136904827
850.10001	8.51001	0.053346084494003826
850.20001	8.51001	0.05291828040583307
850.3000099999999	8.51001	0.052510929630292184
850.40001	8.51001	0.052122340008990714
850.50001	8.51001	0.051750924275690745
850.60001	8.51001	0.05139521810283685
850.70001	8.51001	0.05105388544030419
850.8000099999999	8.51001	0.05072571606124063
850.90001	8.51001	0.05040961867454882
851.00001	8.51001	0.05010461180527629
851.10001	8.51001	0.04980981382917794
851.20001	8.51001	0.049524432996731566
851.3000099999999	8.51001	0.04924775792084172
851.40001	8.51001	0.0489791487723475
851.50001	8.51001	0.048718029285085035
851.60001	8.51001	0.048463879587087505
851.70001	8.51001	0.04821622982625456
851.8000099999999	8.51001	0.04797465453350569
851.90001	8.51001	0.04773876765541526
852.00001	8.51001	0.047508218185661234
850.00001	8.50001	0.0535108471241563
850.10001	8.50001	0.05308311685633482
850.20001	8.50001	0.052675202176004375
850.3000099999999	8.50001	0.052285563295893255
850.40001	8.50001	0.05191273592605483
850.50001	8.50001	0.051555353455546016
850.60001	8.50001	0.051212156588497385
850.70001	8.50001	0.05088199485249831
850.8000099999999	8.50001	0.050563823136682375
850.90001	8.50001	0.0502566954206503
851.00001	8.50001	0.04995975711997621
851.10001	8.50001	0.04967223695514525
851.20001	8.50001	0.049393438896760976
851.3000099999999	8.50001	0.049122734504721724
851.40001	8.50001	0.048859555826903205
851.50001	8.50001	0.04860338892691687
851.60001	8.50001	0.048353768051999355
851.70001	8.50001	0.048110270418096845
851.8000099999999	8.50001	0.047872511570804036
851.90001	8.50001	0.047640141272378596
852.00001	8.50001	0.04741283986255182
